# Sparse Matrix (Morse)  
# first line: n m (is symmetic) nbcoef 
# after for each nonzero coefficient:   i j a_ij where (i,j) \in  {1,...,n}x{1,...,m} 
306 306 0  2128
      131       131 0.029160279042136381944
      131       132 0.00041435614557796559112
      131       139 -0.00036480082908202176271
      131       140 -0.00045422107890972162562
      131       143 -1.6889123373115245378e-05
      131       144 7.0507904955551143082e-06
      131       155 -0.023178005760751924785
      131       156 -0.00044220659029841420835
      131       157 -0.0055918042749085539525
      131       158 0.0004750207331346147999
      132       131 0.00041435614557796559112
      132       132 0.015423313423785674214
      132       139 0.00014338520507335949508
      132       140 -0.0010625807329891479285
      132       143 -4.0178808595418758398e-05
      132       144 -5.8996301933246582025e-05
      132       155 -0.014574122257624624877
      132       156 -0.01236237898414703669
      132       157 0.014056559715568708174
      132       158 -0.0019305783506955173992
      133       133 0.03332329099198527711
      133       134 0.00057156410672653027404
      133       137 -5.2182025564999610131e-06
      133       138 3.9349305072827243818e-06
      133       141 -0.00057942949632405424138
      133       142 -0.0006688719928918071024
      133       153 -0.021314587728830308028
      133       154 -0.00064530526596126049077
      133       159 -0.011411990206604992124
      133       160 0.00073867822161925397219
      134       133 0.00057156410672653027404
      134       134 0.018211081510480699869
      134       137 -8.9149682228426990082e-06
      134       138 -1.9682377355354001248e-05
      134       141 0.00054156046219834628585
      134       142 -0.0020729632614230400489
      134       153 -0.017927951845413781645
      134       154 -0.012341941642337503002
      134       159 0.016823742244711756971
      134       160 -0.0037644288716953801591
      137       133 -5.2182025564999610131e-06
      137       134 -8.9149682228426990082e-06
      137       137 0.0028553320695981414083
      137       138 9.0909041223939456933e-06
      137       151 -0.0028576294244483575226
      137       152 -1.3061966869404691627e-05
      137       153 7.6232408937620367101e-06
      137       154 1.2886030969853446635e-05
      138       133 3.9349305072827243818e-06
      138       134 -1.9682377355354001248e-05
      138       137 9.0909041223939456933e-06
      138       138 0.0014450764449706117887
      138       151 -0.0018136099443801880805
      138       152 -0.0014538166882612864241
      138       153 0.0018005841097505112351
      138       154 2.8530304133074999571e-05
      139       131 -0.00036480082908202176271
      139       132 0.00014338520507335949508
      139       139 0.007142571357927287104
      139       140 -0.00020729517817166887906
      139       145 -0.0019118706458643873383
      139       146 0.00016273095645798682225
      139       157 -0.0048642472508246808321
      139       158 -9.8820983359677194323e-05
      140       131 -0.00045422107890972162562
      140       132 -0.0010625807329891479285
      140       139 -0.00020729517817166887906
      140       140 0.0048438064085916448728
      140       145 0.0025495004892880533329
      140       146 -0.0019548437029800395763
      140       157 -0.0018879842322066617711
      140       158 -0.0018247293404662606308
      141       133 -0.00057942949632405424138
      141       134 0.00054156046219834628585
      141       141 0.039831944333214297504
      141       142 -0.00073090855065162743404
      141       147 -0.014519966985430624723
      141       148 0.00055642464148909309783
      141       159 -0.024721120612347536466
      141       160 -0.00036707655303581119069
      142       133 -0.0006688719928918071024
      142       134 -0.0020729632614230400489
      142       141 -0.00073090855065162743404
      142       142 0.0223229365871940727
      142       147 0.014598566602716864585
      142       148 -0.0090912329071871113284
      142       159 -0.013198786059173425386
      142       160 -0.011147313179471844344
      143       131 -1.6889123373115245378e-05
      143       132 -4.0178808595418758398e-05
      143       143 0.26197132929447486394
      143       144 -0.001164254243926270008
      143       147 0.004995685918206416859
      143       148 0.0023725718952676017742
      143       155 -0.037402709703020481369
      143       156 0.0025140750206066441591
      143       161 -0.22927251085711730649
      143       162 -0.0036822138633525527962
      144       131 7.0507904955551143082e-06
      144       132 -5.8996301933246582025e-05
      144       143 -0.001164254243926270008
      144       144 0.14135546044290894785
      144       147 -0.052178873215478829839
      144       148 -0.017657562070364712231
      144       155 0.066433407827919815913
      144       156 -0.039648572333010369262
      144       161 -0.01309733115901026354
      144       162 -0.083715424208430103126
      145       139 -0.0019118706458643873383
      145       140 0.0025495004892880533329
      145       145 1.0428925521835172852
      145       146 0.015353179773012875717
      145       149 -0.12179925985122815046
      145       150 -0.012982483945239904968
      145       157 -0.17152658586622504533
      145       158 -0.013419819138915923401
      145       163 -0.74428607644740951699
      145       164 0.0084996228218549591676
      146       139 0.00016273095645798682225
      146       140 -0.0019548437029800395763
      146       145 0.015353179773012875717
      146       146 0.84853645090662999095
      146       149 0.18018513702403562982
      146       150 -0.289909685282955909
      146       157 -0.21465982838889763329
      146       158 -0.29016793875923579948
      146       163 0.018958780635391230679
      146       164 -0.26313522378866932572
      147       141 -0.014519966985430624723
      147       142 0.014598566602716864585
      147       143 0.004995685918206416859
      147       144 -0.052178873215478829839
      147       147 1.2169370408614519352
      147       148 -0.01509622050509172933
      147       159 -0.078917976944345061274
      147       160 0.12080387466675840402
      147       161 -0.17414077931495597351
      147       162 -0.028235260395521225019
      147       167 -0.44317624606584099523
      147       168 -0.24348618112708844685
      147       177 -0.5026079228454776171
      147       178 0.2035940939737051758
      148       141 0.00055642464148909309783
      148       142 -0.0090912329071871113284
      148       143 0.0023725718952676017742
      148       144 -0.017657562070364712231
      148       147 -0.01509622050509172933
      148       148 1.2759667172768920373
      148       159 -0.1134348510842995289
      148       160 -0.38236906525425878867
      148       161 0.16661155921109238598
      148       162 -0.49731436833241787765
      148       167 -0.24505809310773804532
      148       168 -0.21480699071155701096
      148       177 0.20404860894928061876
      148       178 -0.14615766337749935833
      149       145 -0.12179925985122815046
      149       146 0.18018513702403562982
      149       149 0.67446329527044368568
      149       150 0.072567784642754123992
      149       163 -0.13809123872886513995
      149       164 -0.19698723341070858983
      149       169 -0.41019969911090686798
      149       170 -0.055765688256081219487
      150       145 -0.012982483945239904968
      150       146 -0.289909685282955909
      150       149 0.072567784642754123992
      150       150 0.65532714887309384544
      150       163 -0.25381961244140360812
      150       164 -0.22717871572061074104
      150       169 0.19423431174388955389
      150       170 -0.13386565029008387628
      151       137 -0.0028576294244483575226
      151       138 -0.0018136099443801880805
      151       151 0.71295910429510356288
      151       152 -0.24637278011123053822
      151       153 -0.31636763152090485729
      151       171 -0.39166456554984951932
      151       172 0.2481863900556107172
      152       137 -1.3061966869404691627e-05
      152       138 -0.0014538166882612864241
      152       151 -0.24637278011123053822
      152       152 0.82893156331901340916
      152       153 0.2481994520224823364
      152       154 -0.63325625504116578313
      152       171 -0.0018136099443823488955
      152       172 -0.19215221378968505572
      153       133 -0.021314587728830308028
      153       134 -0.017927951845413781645
      153       137 7.6232408937620367101e-06
      153       138 0.0018005841097505112351
      153       151 -0.31636763152090485729
      153       152 0.2481994520224823364
      153       153 1.3537981552064526358
      153       154 -0.1322194336101636114
      153       159 -0.15139268655907681116
      153       160 -0.08549872448758023824
      153       171 -0.18734505090733588606
      153       172 -0.25158399244864704247
      153       173 -0.6696101631869016968
      153       174 0.23723006625957226978
      154       133 -0.00064530526596126049077
      154       134 -0.012341941642337503002
      154       137 1.2886030969853446635e-05
      154       138 2.8530304133074999571e-05
      154       152 -0.63325625504116578313
      154       153 -0.1322194336101636114
      154       154 1.5473442725536772357
      154       159 0.14720577903423662236
      154       160 -0.48590049329426737712
      154       171 -0.25158396946837080499
      154       172 -0.10305663471538682729
      154       173 0.23723004327928948198
      154       174 -0.30504181962035636921
      155       131 -0.023178005760751924785
      155       132 -0.014574122257624624877
      155       143 -0.037402709703020481369
      155       144 0.066433407827919815913
      155       155 1.3026368915923229874
      155       156 -0.062003564777827487042
      155       157 -0.084304437877544491364
      155       158 -0.095684908782246724801
      155       161 -0.1346798252653273742
      155       162 0.055583564276254895931
      155       165 -0.61527189050919928182
      155       166 0.25934520687661638538
      155       179 -0.39921080103980188802
      155       180 -0.2090995831630922952
      156       131 -0.00044220659029841420835
      156       132 -0.01236237898414703669
      156       143 0.0025140750206066441591
      156       144 -0.039648572333010369262
      156       155 -0.062003564777827487042
      156       156 1.368028056995788555
      156       157 0.14013594595136841248
      156       158 -0.38520032657646846586
      156       161 -0.13044987331733257085
      156       162 -0.49422089795503693077
      156       165 0.25934520687658740856
      156       166 -0.34371651172934769569
      156       179 -0.20909958316310386928
      156       180 -0.084290147981099378116
      157       131 -0.0055918042749085539525
      157       132 0.014056559715568708174
      157       139 -0.0048642472508246808321
      157       140 -0.0018879842322066617711
      157       145 -0.17152658586622504533
      157       146 -0.21465982838889763329
      157       155 -0.084304437877544491364
      157       156 0.14013594595136841248
      157       157 1.437738348452098025
      157       158 0.074838613262001696391
      157       163 0.058027463175956230101
      157       164 0.17557300698985633947
      157       165 -0.42752112167005257293
      157       166 -0.26035981734574686897
      157       175 -0.79159698716095960869
      157       176 0.072303504048056119191
      158       131 0.0004750207331346147999
      158       132 -0.0019305783506955173992
      158       139 -9.8820983359677194323e-05
      158       140 -0.0018247293404662606308
      158       145 -0.013419819138915923401
      158       146 -0.29016793875923579948
      158       155 -0.095684908782246724801
      158       156 -0.38520032657646846586
      158       157 0.074838613262001696391
      158       158 1.3913389414288197532
      158       163 0.22194622820702905597
      158       164 -0.15722027535482790972
      158       165 -0.26035981734571195245
      158       166 -0.25513108790390187641
      158       175 0.072303504048069233701
      158       176 -0.28950337761567818129
      159       133 -0.011411990206604992124
      159       134 0.016823742244711756971
      159       141 -0.024721120612347536466
      159       142 -0.013198786059173425386
      159       147 -0.078917976944345061274
      159       148 -0.1134348510842995289
      159       153 -0.15139268655907681116
      159       154 0.14720577903423662236
      159       159 1.387848704357242946
      159       160 -0.049491627378117436509
      159       167 -0.65191271313773169194
      159       168 0.2648683444551829802
      159       173 -0.46089536494458499538
      159       174 -0.25277260121254085945
      160       133 0.00073867822161925397219
      160       134 -0.0037644288716953801591
      160       141 -0.00036707655303581119069
      160       142 -0.011147313179471844344
      160       147 0.12080387466675840402
      160       148 -0.38236906525425878867
      160       153 -0.08549872448758023824
      160       154 -0.48590049329426737712
      160       159 -0.049491627378117436509
      160       160 1.5039363821176290337
      160       167 0.26658747674289001717
      160       168 -0.36670022480057845593
      160       173 -0.25277260121253380953
      160       174 -0.24545800476480730823
      161       143 -0.22927251085711730649
      161       144 -0.01309733115901026354
      161       147 -0.17414077931495597351
      161       148 0.16661155921109238598
      161       155 -0.1346798252653273742
      161       156 -0.13044987331733257085
      161       161 1.7680712040012220854
      161       162 -0.01432275051887609181
      161       177 -0.58189078806450189596
      161       178 -0.2807756889257638222
      161       179 -0.63868209056081670649
      161       180 0.27203408470989054457
      162       143 -0.0036822138633525527962
      162       144 -0.083715424208430103126
      162       147 -0.028235260395521225019
      162       148 -0.49731436833241787765
      162       155 0.055583564276254895931
      162       156 -0.49422089795503693077
      162       161 -0.01432275051887609181
      162       162 1.8883069082290295793
      162       177 -0.28137742420840022861
      162       178 -0.40908931775109480533
      162       179 0.27203408470989504098
      162       180 -0.39456169004354912921
      163       145 -0.74428607644740951699
      163       146 0.018958780635391230679
      163       149 -0.13809123872886513995
      163       150 -0.25381961244140360812
      163       157 0.058027463175956230101
      163       158 0.22194622820702905597
      163       163 2.6256437978791375976
      163       164 0.030127138671988379359
      163       169 -0.51101704578927986677
      163       170 0.27255245746825279562
      163       175 -0.6365055843724763962
      163       176 -0.28927452466604697268
      163       183 -0.63851682095465733813
      163       184 -0.00049046787521020418759
      164       145 0.0084996228218549591676
      164       146 -0.26313522378866932572
      164       149 -0.19698723341070858983
      164       150 -0.22717871572061074104
      164       157 0.17557300698985633947
      164       158 -0.15722027535482790972
      164       163 0.030127138671988379359
      164       164 2.7916949351397093437
      164       169 0.27255245746824724451
      164       170 -0.94999665627046858685
      164       175 -0.2892745246660630154
      164       176 -1.0278754448936824328
      164       183 -0.00049046787517525341268
      164       184 -0.15103412434904958661
      165       155 -0.61527189050919928182
      165       156 0.25934520687658740856
      165       157 -0.42752112167005257293
      165       158 -0.26035981734571195245
      165       165 2.5217028236819554188
      165       166 -0.05363821410223754832
      165       175 -0.20927187675696601321
      165       176 0.023652077871426629291
      165       179 -0.31711659495610894366
      165       180 -0.033069009415280792297
      165       181 -0.45370936026644587136
      165       182 0.26287536247934079059
      165       197 -0.48389250925366911193
      165       198 -0.19880560636412408781
      166       155 0.25934520687661638538
      166       156 -0.34371651172934769569
      166       157 -0.26035981734574686897
      166       158 -0.25513108790390187641
      166       165 -0.05363821410223754832
      166       166 2.7944795344589885566
      166       175 0.023652077871413913768
      166       176 -0.79488625579488025874
      166       179 -0.033069009415275220365
      166       180 -0.96931242151976670929
      166       181 0.26287536247936976741
      166       182 -0.29466144178594838587
      166       197 -0.1988056063641404636
      166       198 -0.12185234545562327602
      167       147 -0.44317624606584099523
      167       148 -0.24505809310773804532
      167       159 -0.65191271313773169194
      167       160 0.26658747674289001717
      167       167 2.5584229348898164247
      167       168 -0.038546385981596348325
      167       173 -0.15905906311288978139
      167       174 -0.0050119104671136564116
      167       177 -0.25434025270356247495
      167       178 0.030059353882227919652
      167       185 -0.55532354339495004769
      167       186 -0.24841991761632065128
      167       193 -0.47827983354548980754
      167       194 0.24038947654765077666
      168       147 -0.24348618112708844685
      168       148 -0.21480699071155701096
      168       159 0.2648683444551829802
      168       160 -0.36670022480057845593
      168       167 -0.038546385981596348325
      168       168 2.6995113134897579243
      168       173 -0.005011910467126094379
      168       174 -0.74098294682448673232
      168       177 0.030206574189294156663
      168       178 -0.8760105745948469913
      168       185 -0.24841991761631496138
      168       186 -0.27405470492363054325
      168       193 0.24038947654764861173
      168       194 -0.21062458870530068045
      169       149 -0.41019969911090686798
      169       150 0.19423431174388955389
      169       163 -0.51101704578927986677
      169       164 0.27255245746824724451
      169       169 1.4538924278300748849
      169       170 -0.20750628947930424562
      169       183 -0.028629493228552412021
      169       184 -0.24465684104564075496
      169       187 -0.49616322900160092502
      169       188 -0.014623638687191822111
      170       149 -0.055765688256081219487
      170       150 -0.13386565029008387628
      170       163 0.27255245746825279562
      170       164 -0.94999665627046858685
      170       169 -0.20750628947930424562
      170       170 1.4437301044118038273
      170       183 -0.24465684104565971202
      170       184 -0.12447026560107356252
      170       187 0.23537636131279240925
      170       188 -0.22751457155044294001
      171       151 -0.39166456554984951932
      171       152 -0.0018136099443823488955
      171       153 -0.18734505090733588606
      171       154 -0.25158396946837080499
      171       171 1.3426492074501159557
      171       172 0.004375642082663678753
      171       173 -0.18122489105997477421
      171       174 0.0030019953812203742025
      171       189 -0.39509043020545336899
      171       190 -0.0023624593328469326546
      171       191 -0.17720196634751325671
      171       192 0.24838240128171601429
      172       151 0.2481863900556107172
      172       152 -0.19215221378968505572
      172       153 -0.25158399244864704247
      172       154 -0.10305663471538682729
      172       171 0.004375642082663678753
      172       172 1.3239061231213347103
      172       173 0.0030020183615061648078
      172       174 -0.73975919804839496141
      172       189 -0.25236245933283246723
      172       190 -0.20184580746023195186
      172       191 0.24838240128169891685
      172       192 -0.076969965727645514586
      173       153 -0.6696101631869016968
      173       154 0.23723004327928948198
      173       159 -0.46089536494458499538
      173       160 -0.25277260121253380953
      173       167 -0.15905906311288978139
      173       168 -0.005011910467126094379
      173       171 -0.18122489105997477421
      173       172 0.0030020183615061648078
      173       173 2.6304099540598913087
      173       174 0.014750136204245624383
      173       185 -0.44510450863122485998
      173       186 0.25412943012945382604
      173       191 -0.69805648463536029702
      173       192 -0.25132711629483567295
      174       153 0.23723006625957226978
      174       154 -0.30504181962035636921
      174       159 -0.25277260121254085945
      174       160 -0.24545800476480730823
      174       167 -0.0050119104671136564116
      174       168 -0.74098294682448673232
      174       171 0.0030019953812203742025
      174       172 -0.73975919804839496141
      174       173 0.014750136204245624383
      174       174 2.6332333223259194455
      174       185 0.25412943012945282684
      174       186 -0.23571535314193142741
      174       191 -0.25132711629483667215
      174       192 -0.3498165214369883258
      175       157 -0.79159698716095960869
      175       158 0.072303504048069233701
      175       163 -0.6365055843724763962
      175       164 -0.2892745246660630154
      175       165 -0.20927187675696601321
      175       166 0.023652077871413913768
      175       175 2.8149719144985212438
      175       176 0.22593795496163923686
      175       181 -0.83125584387052675606
      175       182 -0.28079194555918934872
      175       183 -0.33450850023723793791
      175       184 0.24817293334413004224
      176       157 0.072303504048056119191
      176       158 -0.28950337761567818129
      176       163 -0.28927452466604697268
      176       164 -1.0278754448936824328
      176       165 0.023652077871426629291
      176       166 -0.79488625579488025874
      176       175 0.22593795496163923686
      176       176 2.8618155351797995856
      176       181 -0.28079194555921765941
      176       182 -0.47673278536228314017
      176       183 0.24817293334414328165
      176       184 -0.26098454941291704401
      177       147 -0.5026079228454776171
      177       148 0.20404860894928061876
      177       161 -0.58189078806450189596
      177       162 -0.28137742420840022861
      177       167 -0.25434025270356247495
      177       168 0.030206574189294156663
      177       177 2.5638815623408803823
      177       178 0.058965398192751025674
      177       179 -0.12657975377853947219
      177       180 0.0061891309876839547405
      177       193 -0.57094312337865282814
      177       194 -0.26112635276233442383
      177       195 -0.51198204079420051027
      177       196 0.24309406465172447853
      178       147 0.2035940939737051758
      178       148 -0.14615766337749935833
      178       161 -0.2807756889257638222
      178       162 -0.40908931775109480533
      178       167 0.030059353882227919652
      178       168 -0.8760105745948469913
      178       177 0.058965398192751025674
      178       178 2.6970667034134665485
      178       179 0.00618913098769132905
      178       180 -0.69760011869836568987
      178       193 -0.26112635276233420178
      178       194 -0.31668241098621252583
      178       195 0.24309406465172248013
      178       196 -0.23598893722949695895
      179       155 -0.39921080103980188802
      179       156 -0.20909958316310386928
      179       161 -0.63868209056081670649
      179       162 0.27203408470989504098
      179       165 -0.31711659495610894366
      179       166 -0.033069009415275220365
      179       177 -0.12657975377853947219
      179       178 0.00618913098769132905
      179       179 2.567039314427846719
      179       180 -0.031166912773492094768
      179       195 -0.60729941268315301706
      179       196 -0.26055078345128024342
      179       197 -0.46272560310686533525
      179       198 0.25566307310556479759
      180       155 -0.2090995831630922952
      180       156 -0.084290147981099378116
      180       161 0.27203408470989054457
      180       162 -0.39456169004354912921
      180       165 -0.033069009415280792297
      180       166 -0.96931242151976670929
      180       177 0.0061891309876839547405
      180       178 -0.69760011869836568987
      180       179 -0.031166912773492094768
      180       180 2.7566502018461158663
      180       195 -0.26055078345126625461
      180       196 -0.33030252866636633513
      180       197 0.2556630731055573591
      180       198 -0.26515823663440862834
      181       165 -0.45370936026644587136
      181       166 0.26287536247936976741
      181       175 -0.83125584387052675606
      181       176 -0.28079194555921765941
      181       181 2.9725850125620381093
      181       182 0.12152379402970608924
      181       183 -0.11696144539803873807
      181       184 0.047813113147465842456
      181       197 -0.43226701891799468314
      181       198 -0.20560063486965640678
      181       199 -1.1266212511886894987
      181       200 0.054180310772332325453
      182       165 0.26287536247934079059
      182       166 -0.29466144178594838587
      182       175 -0.28079194555918934872
      182       176 -0.47673278536228314017
      182       181 0.12152379402970608924
      182       182 2.6880313634213028884
      182       183 0.047813113147449376461
      182       184 -0.6131372643597897687
      182       197 -0.20560063486963478518
      182       198 -0.81781916032526946747
      182       199 0.054180310772327919255
      182       200 -0.47391061866766986954
      183       163 -0.63851682095465733813
      183       164 -0.00049046787517525341268
      183       169 -0.028629493228552412021
      183       170 -0.24465684104565971202
      183       175 -0.33450850023723793791
      183       176 0.24817293334414328165
      183       181 -0.11696144539803873807
      183       182 0.047813113147449376461
      183       183 2.6466136688735018012
      183       184 0.020173139598458698918
      183       187 -0.48856207321734268501
      183       188 -2.9697009859086607314e-14
      183       199 -0.24479622290663197171
      183       200 -0.25488633972894636504
      183       205 -0.00056060896521679416931
      183       206 0.25004433792505920131
      183       213 -0.77303694847101933618
      183       214 -0.066169875365299501979
      184       163 -0.00049046787521020418759
      184       164 -0.15103412434904958661
      184       169 -0.24465684104564075496
      184       170 -0.12447026560107356252
      184       175 0.24817293334413004224
      184       176 -0.26098454941291704401
      184       181 0.047813113147465842456
      184       182 -0.6131372643597897687
      184       183 0.020173139598458698918
      184       184 2.7145659663705581366
      184       188 -0.97845309845284900163
      184       199 -0.25488633972894358948
      184       200 -0.30207188911552634858
      184       205 0.25004433792503732992
      184       206 -0.00028451101437057660154
      184       213 -0.0661698753652977395
      184       214 -0.26308870857018062939
      185       167 -0.55532354339495004769
      185       168 -0.24841991761631496138
      185       173 -0.44510450863122485998
      185       174 0.25412943012945282684
      185       185 2.5172997294240806454
      185       186 -0.007948083844194793815
      185       191 -0.27383986088873657483
      185       192 -0.0033289247026610149088
      185       193 -0.24523584207216544972
      185       194 0.0094851744398238482109
      185       201 -0.42049560350283798904
      185       202 -0.25010599634404934166
      185       209 -0.56149227130290291221
      185       210 0.24618831793794335172
      186       167 -0.24841991761632065128
      186       168 -0.27405470492363054325
      186       173 0.25412943012945382604
      186       174 -0.23571535314193142741
      186       185 -0.007948083844194793815
      186       186 2.7706688298793800129
      186       191 -0.0033289247026536471045
      186       192 -0.89846757459942327984
      186       193 0.0094851744398198913066
      186       194 -0.86744495577749702875
      186       201 -0.25010599634404401259
      186       202 -0.2090974478132018588
      186       209 0.24618831793793877205
      186       210 -0.27008069399244094555
      187       169 -0.49616322900160092502
      187       170 0.23537636131279240925
      187       183 -0.48856207321734268501
      187       187 1.5148602966898254696
      187       188 0.02924727737441527517
      187       205 -0.52481918639823166295
      187       206 -0.26462363868720756299
      188       169 -0.014623638687191822111
      188       170 -0.22751457155044294001
      188       183 -2.9697009859086607314e-14
      188       184 -0.97845309845284900163
      188       187 0.02924727737441527517
      188       188 1.4961099644195554603
      188       205 -0.014623638687193558569
      188       206 -0.2848264863436127392
      189       171 -0.39509043020545336899
      189       172 -0.25236245933283246723
      189       189 1.4240683595366356862
      189       190 0.004724918665683964375
      189       191 -0.6358163106747969362
      189       207 -0.38907240890520827792
      189       208 0.24763754066714857571
      190       171 -0.0023624593328469326546
      190       172 -0.20184580746023195186
      190       189 0.004724918665683964375
      190       190 1.6683997058585160467
      190       191 9.9156793886834293517e-15
      190       192 -1.2726549237873887588
      190       207 -0.0023624593328470237276
      190       208 -0.1898097648597178444
      191       171 -0.17720196634751325671
      191       172 0.24838240128169891685
      191       173 -0.69805648463536029702
      191       174 -0.25132711629483667215
      191       185 -0.27383986088873657483
      191       186 -0.0033289247026536471045
      191       189 -0.6358163106747969362
      191       190 9.9156793886834293517e-15
      191       191 2.6950841647634335985
      191       192 0.001507661597095871428
      191       201 -0.70413755596918559121
      191       202 0.253895044758377042
      191       207 -0.19100301485714862859
      191       208 -0.24912906663969119903
      192       171 0.24838240128171601429
      192       172 -0.076969965727645514586
      192       173 -0.25132711629483567295
      192       174 -0.3498165214369883258
      192       185 -0.0033289247026610149088
      192       186 -0.89846757459942327984
      192       190 -1.2726549237873887588
      192       191 0.001507661597095871428
      192       192 3.0689814269052613227
      192       201 0.25389504475839985709
      192       202 -0.36005475823998578377
      192       207 -0.24912906663971501331
      192       208 -0.095988711723137207232
      193       167 -0.47827983354548980754
      193       168 0.24038947654764861173
      193       177 -0.57094312337865282814
      193       178 -0.26112635276233420178
      193       185 -0.24523584207216544972
      193       186 0.0094851744398198913066
      193       193 2.5397251928452888592
      193       194 0.0070134617974105771532
      193       195 -0.18549794492244991995
      193       196 0.0060884300919561038998
      193       203 -0.56727140040429158141
      193       204 0.24846815852828690874
      193       209 -0.47666419132528020652
      193       210 -0.25031834864278801334
      194       167 0.24038947654765077666
      194       168 -0.21062458870530068045
      194       177 -0.26112635276233442383
      194       178 -0.31668241098621252583
      194       185 0.0094851744398238482109
      194       186 -0.86744495577749702875
      194       193 0.0070134617974105771532
      194       194 2.7084357853681444439
      194       195 0.006088430091954979799
      194       196 -0.77942089951027093697
      194       203 0.24846815852828479931
      194       204 -0.27940322925491878348
      194       209 -0.2503183486427903448
      194       210 -0.23902684393697964937
      195       177 -0.51198204079420051027
      195       178 0.24309406465172248013
      195       179 -0.60729941268315301706
      195       180 -0.26055078345126625461
      195       193 -0.18549794492244991995
      195       194 0.006088430091954979799
      195       195 2.5777632484469665819
      195       196 0.015119755936293298448
      195       197 -0.16182267544209899546
      195       198 0.012900429252279761033
      195       203 -0.50717753981859869938
      195       204 -0.25616606218479137658
      195       211 -0.58787532724505342507
      195       212 0.23951416570380731907
      196       177 0.24309406465172447853
      196       178 -0.23598893722949695895
      196       179 -0.26055078345128024342
      196       180 -0.33030252866636633513
      196       193 0.0060884300919561038998
      196       194 -0.77942089951027093697
      196       195 0.015119755936293298448
      196       196 2.6458184590459730146
      196       197 0.012900429252290727955
      196       198 -0.7441509000416102193
      196       203 -0.25616606218479054391
      196       204 -0.27183239235041384285
      196       211 0.23951416570380640314
      196       212 -0.26801449370640417769
      197       165 -0.48389250925366911193
      197       166 -0.1988056063641404636
      197       179 -0.46272560310686533525
      197       180 0.2556630731055573591
      197       181 -0.43226701891799468314
      197       182 -0.20560063486963478518
      197       195 -0.16182267544209899546
      197       196 0.012900429252290727955
      197       197 2.6074732270785010435
      197       198 0.094080453118135759505
      197       199 0.095671361659894565976
      197       200 0.20106508452895860417
      197       211 -0.45318983111644056683
      197       212 -0.26412101184898501005
      197       215 -0.69119265730017631633
      197       216 0.10481821307781828689
      198       165 -0.19880560636412408781
      198       166 -0.12185234545562327602
      198       179 0.25566307310556479759
      198       180 -0.26515823663440862834
      198       181 -0.20560063486965640678
      198       182 -0.81781916032526946747
      198       195 0.012900429252279761033
      198       196 -0.7441509000416102193
      198       197 0.094080453118135759505
      198       198 2.6565859006491145955
      198       199 0.2010650845289647104
      198       200 -0.19642967725210347396
      198       211 -0.26412101184896935591
      198       212 -0.28354106127905870371
      198       215 0.10481821307780470054
      198       216 -0.20958022605989332088
      199       181 -1.1266212511886894987
      199       182 0.054180310772327919255
      199       183 -0.24479622290663197171
      199       184 -0.25488633972894358948
      199       197 0.095671361659894565976
      199       198 0.2010650845289647104
      199       199 2.9129422056781462125
      199       200 0.043667892413362385806
      199       213 -0.41072459384235132651
      199       214 0.24535167997245085902
      199       215 -0.57045190843371873513
      199       216 -0.30769644508687798989
      199       217 -0.64113428249421033911
      199       218 0.018317817128715434272
      200       181 0.054180310772332325453
      200       182 -0.47391061866766986954
      200       183 -0.25488633972894636504
      200       184 -0.30207188911552634858
      200       197 0.20106508452895860417
      200       198 -0.19642967725210347396
      200       199 0.043667892413362385806
      200       200 2.7568209240329117904
      200       213 0.2453516799724666797
      200       214 -0.83900934049228093059
      200       215 -0.30769644508687871154
      200       216 -0.82743093152524016531
      200       217 0.018317817128705005114
      200       218 -0.10308315850765535637
      201       185 -0.42049560350283798904
      201       186 -0.25010599634404401259
      201       191 -0.70413755596918559121
      201       192 0.25389504475839985709
      201       201 2.6347779257716625878
      201       202 0.0045660770546375167162
      201       207 -0.1498301292756019365
      201       208 0.0014910539806785518165
      201       209 -0.21556577575960317317
      201       210 0.0049030154876437840109
      201       221 -0.71296791644696544399
      201       222 -0.25720030214527916934
      201       227 -0.41545362007671260418
      201       228 0.2424511072079641727
      202       185 -0.25010599634404934166
      202       186 -0.2090974478132018588
      202       191 0.253895044758377042
      202       192 -0.36005475823998578377
      202       201 0.0045660770546375167162
      202       202 2.6621917283454288317
      202       207 0.0014910539807096870671
      202       208 -0.69907424353838054643
      202       209 0.0049030154876495354865
      202       210 -0.82135730835908882241
      202       221 -0.25720030214529421286
      202       222 -0.37624987399642578767
      202       227 0.24245110720797014014
      202       228 -0.18003077165758279987
      203       193 -0.56727140040429158141
      203       194 0.24846815852828479931
      203       195 -0.50717753981859869938
      203       196 -0.25616606218479054391
      203       203 2.5498208799327208851
      203       204 -0.025845667340734564815
      203       209 -0.22388594377281095804
      203       210 0.0050815914687196254984
      203       211 -0.17411146241653324696
      203       212 0.01116128375931571548
      203       219 -0.54939297701345157776
      203       220 0.25567512665836650276
      203       229 -0.51210079045219891736
      203       230 -0.23837443088916182576
      204       193 0.24846815852828690874
      204       194 -0.27940322925491878348
      204       195 -0.25616606218479137658
      204       196 -0.27183239235041384285
      204       203 -0.025845667340734564815
      204       204 2.6836100928318873393
      204       209 0.005081591468717382501
      204       210 -0.83640066401022694631
      204       211 0.011161283759319245643
      204       212 -0.76325086830015942407
      204       219 0.2556751266583661697
      204       220 -0.29216272015061600653
      204       229 -0.2383744308891637409
      204       230 -0.22467945271071276814
      205       183 -0.00056060896521679416931
      205       184 0.25004433792503732992
      205       187 -0.52481918639823166295
      205       188 -0.014623638687193558569
      205       205 1.4751140531823594415
      205       206 0.038307424368347400834
      205       213 -0.44358266568746590464
      205       214 -0.042509773671642138437
      205       223 -0.44733373560240807798
      205       224 0.016318831718060068658
      205       231 -0.048243628296049362314
      205       232 -0.24753718165260929496
      206       183 0.25004433792505920131
      206       184 -0.00028451101437057660154
      206       187 -0.26462363868720756299
      206       188 -0.2848264863436127392
      206       205 0.038307424368347400834
      206       206 1.5175316580192770299
      206       213 -0.042509773671653303118
      206       214 -0.99506291925160328393
      206       223 0.26631883171805037502
      206       224 -0.25388247753916654004
      206       231 -0.24753718165259613881
      206       232 0.027098964362460960242
      207       189 -0.38907240890520827792
      207       190 -0.0023624593328470237276
      207       191 -0.19100301485714862859
      207       192 -0.24912906663971501331
      207       201 -0.1498301292756019365
      207       202 0.0014910539807096870671
      207       207 1.3319644091594537993
      207       208 -0.014581534604074181463
      207       221 -0.22305861647907215817
      207       222 0.25092920385411754403
      207       225 -0.36908678062414868037
      207       226 0.013652802741808791817
      208       189 0.24763754066714857571
      208       190 -0.1898097648597178444
      208       191 -0.24912906663969119903
      208       192 -0.095988711723137207232
      208       201 0.0014910539806785518165
      208       202 -0.69907424353838054643
      208       207 -0.014581534604074181463
      208       208 1.2948666575399425671
      208       221 0.25092920385414146933
      208       222 -0.14084812707861199543
      208       225 -0.23634719725820335645
      208       226 -0.15923235132182073093
      209       185 -0.56149227130290291221
      209       186 0.24618831793793877205
      209       193 -0.47666419132528020652
      209       194 -0.2503183486427903448
      209       201 -0.21556577575960317317
      209       202 0.0049030154876495354865
      209       203 -0.22388594377281095804
      209       204 0.005081591468717382501
      209       209 2.5341266683585930153
      209       210 -0.0052097127209733157943
      209       227 -0.54826654028762078497
      209       228 -0.25191442160231208858
      209       229 -0.49214540109904614251
      209       230 0.25126955807177037139
      210       185 0.24618831793794335172
      210       186 -0.27008069399244094555
      210       193 -0.25031834864278801334
      210       194 -0.23902684393697964937
      210       201 0.0049030154876437840109
      210       202 -0.82135730835908882241
      210       203 0.0050815914687196254984
      210       204 -0.83640066401022694631
      210       209 -0.0052097127209733157943
      210       210 2.7106739468593965547
      210       227 -0.2519144216023221361
      210       228 -0.27854009351850117504
      210       229 0.25126955807177653313
      210       230 -0.24916179823082745814
      211       195 -0.58787532724505342507
      211       196 0.23951416570380640314
      211       197 -0.45318983111644056683
      211       198 -0.26412101184896935591
      211       203 -0.17411146241653324696
      211       204 0.011161283759319245643
      211       211 2.5674761276421329548
      211       212 0.06331819581649092421
      211       215 -0.31346177821245141404
      211       216 0.002184542016730108005
      211       219 -0.66567752020068393648
      211       220 -0.27624220237271973621
      211       233 -0.35734563081237197268
      211       234 0.22418502692534253429
      212       195 0.23951416570380731907
      212       196 -0.26801449370640417769
      212       197 -0.26412101184898501005
      212       198 -0.28354106127905870371
      212       203 0.01116128375931571548
      212       204 -0.76325086830015942407
      212       211 0.06331819581649092421
      212       212 2.7675242022022454869
      212       215 0.0021845420167624805471
      212       216 -0.94732150084620569963
      212       219 -0.2762422023727211795
      212       220 -0.39748784004759807331
      212       233 0.22418502692532937814
      212       234 -0.092093860384218934056
      213       183 -0.77303694847101933618
      213       184 -0.0661698753652977395
      213       199 -0.41072459384235132651
      213       200 0.2453516799724666797
      213       205 -0.44358266568746590464
      213       206 -0.042509773671653303118
      213       213 2.7437477990811016682
      213       214 -0.078086866351138969899
      213       217 -0.2663611527417465985
      213       218 -0.26372181267108124603
      213       231 -0.83662929693506871143
      213       232 0.20513664808670456496
      214       183 -0.066169875365299501979
      214       184 -0.26308870857018062939
      214       199 0.24535167997245085902
      214       200 -0.83900934049228093059
      214       205 -0.042509773671642138437
      214       206 -0.99506291925160328393
      214       213 -0.078086866351138969899
      214       214 2.8610863858874688859
      214       217 -0.26372181267107003277
      214       218 -0.38317897137645329231
      214       231 0.20513664808669990203
      214       232 -0.36733330479349962649
      215       197 -0.69119265730017631633
      215       198 0.10481821307780470054
      215       199 -0.57045190843371873513
      215       200 -0.30769644508687871154
      215       211 -0.31346177821245141404
      215       212 0.0021845420167624805471
      215       215 2.7317887243439207268
      215       216 0.14232664846003711956
      215       217 -0.34827852785698376614
      215       218 0.26758985826978515243
      215       233 -0.79569393925499631859
      215       234 -0.20922281673751050302
      216       197 0.10481821307781828689
      216       198 -0.20958022605989332088
      216       199 -0.30769644508687798989
      216       200 -0.82743093152524016531
      216       211 0.002184542016730108005
      216       212 -0.94732150084620569963
      216       215 0.14232664846003711956
      216       216 2.8262954416300423155
      216       217 0.26758985826977410571
      216       218 -0.45715308979776086984
      216       233 -0.20922281673748185926
      216       234 -0.3720997801153448914
      217       199 -0.64113428249421033911
      217       200 0.018317817128705005114
      217       213 -0.2663611527417465985
      217       214 -0.26372181267107003277
      217       215 -0.34827852785698376614
      217       216 0.26758985826977410571
      217       217 2.6849913554571585017
      217       218 0.10462829874916919348
      217       231 -0.27803484404255918161
      217       232 0.057492811673026916752
      217       233 -0.055952396370952908744
      217       234 -0.15584924049402251733
      217       235 -0.91651424828595651206
      217       236 -0.23960070200082383973
      217       247 -0.16047136057437763612
      217       248 0.21114296934524123817
      218       199 0.018317817128715434272
      218       200 -0.10308315850765535637
      218       213 -0.26372181267108124603
      218       214 -0.38317897137645329231
      218       215 0.26758985826978515243
      218       216 -0.45715308979776086984
      218       217 0.10462829874916919348
      218       218 2.6867378192019839567
      218       231 0.057492811673026694708
      218       232 -0.82599593013825733934
      218       233 -0.15584924049404608182
      218       234 -0.48683969429283158181
      218       235 -0.23960070200081146075
      218       236 -0.52055748815208291447
      218       247 0.21114296934524237614
      218       248 0.10831505615343021975
      219       203 -0.54939297701345157776
      219       204 0.2556751266583661697
      219       211 -0.66567752020068393648
      219       212 -0.2762422023727211795
      219       219 2.6792481051080017096
      219       220 -0.033727327053848468741
      219       229 -0.19605200267209399456
      219       230 -0.0078591503152658469256
      219       233 -0.067218696970053226636
      219       234 0.041309075712621337595
      219       237 -0.76371633099781233156
      219       238 0.24340633393682745145
      219       241 -0.42160354992230625326
      219       242 -0.22256185656597954337
      220       203 0.25567512665836650276
      220       204 -0.29216272015061600653
      220       211 -0.27624220237271973621
      220       212 -0.39748784004759807331
      220       219 -0.033727327053848468741
      220       220 2.6322781973788749177
      220       229 -0.0078591503152560908407
      220       230 -0.7954489219864243621
      220       233 0.041309075712607896957
      220       234 -0.60053436878354271578
      220       237 0.24340633393684651953
      220       238 -0.40389970288228166373
      220       241 -0.22256185656599633549
      220       242 -0.1271576161968069052
      221       201 -0.71296791644696544399
      221       202 -0.25720030214529421286
      221       207 -0.22305861647907215817
      221       208 0.25092920385414146933
      221       221 2.7100245497542010398
      221       222 -0.023280977746324166971
      221       225 -0.64616591418251212442
      221       226 -2.2998963844500508458e-14
      221       227 -0.26478854803988449707
      221       228 0.021016365523690613837
      221       239 -0.71639939129826069042
      221       240 0.25289446946552668338
      221       245 -0.13196014067499445277
      221       246 -0.24435875895171726979
      222       201 -0.25720030214527916934
      222       202 -0.37624987399642578767
      222       207 0.25092920385411754403
      222       208 -0.14084812707861199543
      222       221 -0.023280977746324166971
      222       222 3.0815439889605409363
      222       226 -1.293337807878363277
      222       227 0.021016365523703561813
      222       228 -0.88020419655884796217
      222       239 0.25289446946549948292
      222       240 -0.36207398674220647727
      222       245 -0.24435875895171718652
      222       246 -0.014145974073572558163
      223       205 -0.44733373560240807798
      223       206 0.26631883171805037502
      223       223 1.4445522397241890022
      223       224 -0.032637663436118687088
      223       231 -0.58359825357225492137
      223       243 -0.40916648864741883562
      223       244 -0.23368116828193177814
      224       205 0.016318831718060068658
      224       206 -0.25388247753916654004
      224       223 -0.032637663436118687088
      224       224 1.6041941706904947473
      224       231 -1.5855372570428016843e-15
      224       232 -1.168309947620036704
      224       243 0.016318831718060169272
      224       244 -0.17754798362918425281
      225       207 -0.36908678062414868037
      225       208 -0.23634719725820335645
      225       221 -0.64616591418251212442
      225       225 1.4237062343028159539
      225       226 -0.027305605483593280158
      225       245 -0.40442962144280053538
      225       246 0.26365280274179664355
      226       207 0.013652802741808791817
      226       208 -0.15923235132182073093
      226       221 -2.2998963844500508458e-14
      226       222 -1.293337807878363277
      226       225 -0.027305605483593280158
      226       226 1.6865121102127169639
      226       245 0.013652802741807539347
      226       246 -0.22991803295917795369
      227       201 -0.41545362007671260418
      227       202 0.24245110720797014014
      227       209 -0.54826654028762078497
      227       210 -0.2519144216023221361
      227       221 -0.26478854803988449707
      227       222 0.021016365523703561813
      227       227 2.5098729269992867685
      227       228 0.018150231769415835908
      227       229 -0.27554772030035296071
      227       230 0.01005758030525013072
      227       239 -0.4410542982935041767
      227       240 -0.26935750368493388551
      227       249 -0.54897491826090139
      227       250 0.22959664048091638078
      228       201 0.2424511072079641727
      228       202 -0.18003077165758279987
      228       209 -0.25191442160231208858
      228       210 -0.27854009351850117504
      228       221 0.021016365523690613837
      228       222 -0.88020419655884796217
      228       227 0.018150231769415835908
      228       228 2.7902934606216791558
      228       229 0.01005758030524658668
      228       230 -0.91238055991043620629
      228       239 -0.26935750368490835038
      228       240 -0.29422991169212470153
      228       249 0.22959664048090297483
      228       250 -0.22912064554388356097
      229       203 -0.51210079045219891736
      229       204 -0.2383744308891637409
      229       209 -0.49214540109904614251
      229       210 0.25126955807177653313
      229       219 -0.19605200267209399456
      229       220 -0.0078591503152560908407
      229       227 -0.27554772030035296071
      229       228 0.01005758030524658668
      229       229 2.5300860627693588789
      229       230 -0.053452044184293452667
      229       241 -0.60560587737641535799
      229       242 0.27514538969612439834
      229       249 -0.43245497508851438173
      229       250 -0.23678690268443386424
      230       203 -0.23837443088916182576
      230       204 -0.22467945271071276814
      230       209 0.25126955807177037139
      230       210 -0.24916179823082745814
      230       219 -0.0078591503152658469256
      230       220 -0.7954489219864243621
      230       227 0.01005758030525013072
      230       228 -0.91238055991043620629
      230       229 -0.053452044184293452667
      230       230 2.749241695818627651
      230       241 0.27514538969612606367
      230       242 -0.37297201144374569903
      230       249 -0.2367869026844252045
      230       250 -0.17841965575574070257
      231       205 -0.048243628296049362314
      231       206 -0.24753718165259613881
      231       213 -0.83662929693506871143
      231       214 0.20513664808669990203
      231       217 -0.27803484404255918161
      231       218 0.057492811673026694708
      231       223 -0.58359825357225492137
      231       224 -1.5855372570428016843e-15
      231       231 2.8187671111934147206
      231       232 0.024611270387861608477
      231       243 -0.18649493583819570786
      231       244 0.25129403165170860479
      231       247 -0.87035087340066474848
      231       248 -0.2909975801466993528
      232       205 -0.24753718165260929496
      232       206 0.027098964362460960242
      232       213 0.20513664808670456496
      232       214 -0.36733330479349962649
      232       217 0.057492811673026916752
      232       218 -0.82599593013825733934
      232       224 -1.168309947620036704
      232       231 0.024611270387861608477
      232       232 3.0183248599073011498
      232       243 0.25129403165172842227
      232       244 -0.1271558979762023589
      232       247 -0.29099758014671200934
      232       248 -0.54121346463315578301
      233       211 -0.35734563081237197268
      233       212 0.22418502692532937814
      233       215 -0.79569393925499631859
      233       216 -0.20922281673748185926
      233       217 -0.055952396370952908744
      233       218 -0.15584924049404608182
      233       219 -0.067218696970053226636
      233       220 0.041309075712607896957
      233       233 2.6262714935586530807
      233       234 0.092882992509407125148
      233       235 -0.34334535493808981954
      233       236 0.25826698800892000651
      233       237 -0.47225095401845557097
      233       238 -0.27715138622833218607
      233       251 -0.51631553393691520526
      233       252 0.025579360303595734261
      234       211 0.22418502692534253429
      234       212 -0.092093860384218934056
      234       215 -0.20922281673751050302
      234       216 -0.3720997801153448914
      234       217 -0.15584924049402251733
      234       218 -0.48683969429283158181
      234       219 0.041309075712621337595
      234       220 -0.60053436878354271578
      234       233 0.092882992509407125148
      234       234 2.5741479598905590009
      234       235 0.25826698800890196539
      234       236 -0.4999461124908611831
      234       237 -0.27715138622834933901
      234       238 -0.50844348196885424951
      234       251 0.025579360303609802868
      234       252 0.0039583254019140553734
      235       217 -0.91651424828595651206
      235       218 -0.23960070200081146075
      235       233 -0.34334535493808981954
      235       234 0.25826698800890196539
      235       235 2.7548747874372354616
      235       236 0.13534258753639230588
      235       247 -0.31568790611938185586
      235       248 0.054552745488117768136
      235       251 -0.44954315246852361021
      235       252 -0.28413103434249104007
      235       253 -0.71694004979598480176
      235       254 0.07556941530989044753
      236       217 -0.23960070200082383973
      236       218 -0.52055748815208291447
      236       233 0.25826698800892000651
      236       234 -0.4999461124908611831
      236       235 0.13534258753639230588
      236       236 2.8041679099942400377
      236       247 0.054552745488110579442
      236       248 -0.87586438417584389082
      236       251 -0.28413103434250175372
      236       252 -0.72884696577721719279
      236       253 0.075569415309903173461
      236       254 -0.16610888356894179529
      237       219 -0.76371633099781233156
      237       220 0.24340633393684651953
      237       233 -0.47225095401845557097
      237       234 -0.27715138622834933901
      237       237 2.7093980573449574223
      237       238 -0.049362746903817221467
      237       241 -0.27573189602977360435
      237       242 -0.081916933530093813398
      237       251 -0.42962324198979079393
      237       252 0.25832834112133074012
      237       255 -0.75610473702388003581
      237       256 -0.093303608395916559637
      238       219 0.24340633393682745145
      238       220 -0.40389970288228166373
      238       233 -0.27715138622833218607
      238       234 -0.50844348196885424951
      238       237 -0.049362746903817221467
      238       238 2.7677643677637289166
      238       241 -0.081916933530071428526
      238       242 -0.84476719462775839986
      238       251 0.25832834112130381721
      238       252 -0.77798932545655719029
      238       255 -0.093303608395910661577
      238       256 -0.22069376554302869153
      239       221 -0.71639939129826069042
      239       222 0.25289446946549948292
      239       227 -0.4410542982935041767
      239       228 -0.26935750368490835038
      239       239 2.8174700887883536993
      239       240 -0.057311394861888083352
      239       245 -0.31503068766611774798
      239       246 -0.0725762877514891519
      239       249 -0.32231193162339266678
      239       250 0.16292102594186680387
      239       257 -1.0087212693823230936
      239       258 -0.016570309109081360344
      240       221 0.25289446946552668338
      240       222 -0.36207398674220647727
      240       227 -0.26935750368493388551
      240       228 -0.29422991169212470153
      240       239 -0.057311394861888083352
      240       240 2.7533250112939815502
      240       245 -0.072576287751513937629
      240       246 -0.83027698761138801764
      240       249 0.16292102594188637155
      240       250 -0.81426023483061993335
      240       257 -0.016570309109076933329
      240       258 -0.43853137989288903942
      241       219 -0.42160354992230625326
      241       220 -0.22256185656599633549
      241       229 -0.60560587737641535799
      241       230 0.27514538969612606367
      241       237 -0.27573189602977360435
      241       238 -0.081916933530071428526
      241       241 2.5940439322115493859
      241       242 0.036367458571516235455
      241       249 -0.25070648763201752729
      241       250 -0.086070639964958534085
      241       255 -0.26602199924865749248
      241       256 0.26589365977071688363
      241       259 -0.75871513647122279522
      241       260 -0.18685707797733291935
      242       219 -0.22256185656597954337
      242       220 -0.1271576161968069052
      242       229 0.27514538969612439834
      242       230 -0.37297201144374569903
      242       237 -0.081916933530093813398
      242       238 -0.84476719462775839986
      242       241 0.036367458571516235455
      242       242 2.7261070797989765957
      242       249 -0.086070639964972800451
      242       250 -0.81303400082179266839
      242       255 0.26589365977073436964
      242       256 -0.27380475204701565373
      242       259 -0.18685707797732831192
      242       260 -0.2787125191307050498
      243       223 -0.40916648864741883562
      243       224 0.016318831718060169272
      243       231 -0.18649493583819570786
      243       232 0.25129403165172842227
      243       243 1.4175185526271698588
      243       244 -0.065479388938545629584
      243       247 -0.23771028335827526501
      243       248 0.024662136729707431065
      243       261 -0.51318594927465133182
      243       262 0.022509717774707692362
      243       265 -0.060038300586617965315
      243       266 -0.24930532893565793273
      244       223 -0.23368116828193177814
      244       224 -0.17754798362918425281
      244       231 0.25129403165170860479
      244       232 -0.1271558979762023589
      244       243 -0.065479388938545629584
      244       244 1.3674360986033307075
      244       247 0.024662136729721530898
      244       248 -0.76900683381673817784
      244       261 0.27250971777469934487
      244       262 -0.2939290164623776791
      244       265 -0.24930532893565213182
      244       266 0.011126228203185300342
      245       221 -0.13196014067499445277
      245       222 -0.24435875895171718652
      245       225 -0.40442962144280053538
      245       226 0.013652802741807539347
      245       239 -0.31503068766611774798
      245       240 -0.072576287751513937629
      245       245 1.4308392465958312822
      245       246 0.042035674546953526176
      245       257 -0.041732290769345620207
      245       258 0.25055040911953835314
      245       263 -0.52701218545510142288
      245       264 0.010696160294932036822
      246       221 -0.24435875895171726979
      246       222 -0.014145974073572558163
      246       225 0.26365280274179664355
      246       226 -0.22991803295917795369
      246       239 -0.0725762877514891519
      246       240 -0.83027698761138801764
      246       245 0.042035674546953526176
      246       246 1.3942955352304156058
      246       257 0.2505504091195087657
      246       258 -0.060417112486855710507
      246       263 -0.23930383970505245128
      246       264 -0.24886310751194831714
      247       217 -0.16047136057437763612
      247       218 0.21114296934524237614
      247       231 -0.87035087340066474848
      247       232 -0.29099758014671200934
      247       235 -0.31568790611938185586
      247       236 0.054552745488110579442
      247       243 -0.23771028335827526501
      247       244 0.024662136729721530898
      247       247 2.7422950533779317794
      247       248 0.086001820530621261862
      247       253 -0.32337744473100615838
      247       254 -0.27513517830678146936
      247       265 -0.81782214969455713227
      247       266 0.18977308635979789342
      248       217 0.21114296934524123817
      248       218 0.10831505615343021975
      248       231 -0.2909975801466993528
      248       232 -0.54121346463315578301
      248       235 0.054552745488117768136
      248       236 -0.87586438417584389082
      248       243 0.024662136729707431065
      248       244 -0.76900683381673817784
      248       247 0.086001820530621261862
      248       248 2.8184791626863310299
      248       253 -0.27513517830678330123
      248       254 -0.39506144764719763884
      248       265 0.18977308635979478479
      248       266 -0.32877305306715887134
      249       227 -0.54897491826090139
      249       228 0.22959664048090297483
      249       229 -0.43245497508851438173
      249       230 -0.2367869026844252045
      249       239 -0.32231193162339266678
      249       240 0.16292102594188637155
      249       241 -0.25070648763201752729
      249       242 -0.086070639964972800451
      249       249 2.6600744045023270168
      249       250 -0.066928663297084869943
      249       257 -0.0064918152606208727115
      249       258 -0.2458010021904070419
      249       259 -0.18770173304747264642
      249       260 0.25720770233022871576
      249       267 -0.89203595427472393009
      249       268 -0.014138160616127833091
      250       227 0.22959664048091638078
      250       228 -0.22912064554388356097
      250       229 -0.23678690268443386424
      250       230 -0.17841965575574070257
      250       239 0.16292102594186680387
      250       240 -0.81426023483061993335
      250       241 -0.086070639964958534085
      250       242 -0.81303400082179266839
      250       249 -0.066928663297084869943
      250       250 2.6955502653885470288
      250       257 -0.24580100219038458764
      250       258 -0.10413226047355780834
      250       259 0.25720770233021533757
      250       260 -0.17566379946432994497
      250       267 -0.014138160616136444259
      250       268 -0.3615230791839375013
      251       233 -0.51631553393691520526
      251       234 0.025579360303609802868
      251       235 -0.44954315246852361021
      251       236 -0.28413103434250175372
      251       237 -0.42962324198979079393
      251       238 0.25832834112130381721
      251       251 2.6229996820657928147
      251       252 -0.010949014363952546888
      251       253 -0.23496241556442692966
      251       254 0.23550840747740564574
      251       255 -0.15438574224881099206
      251       256 -0.22266423476217109267
      251       269 -0.82326338795992493047
      251       270 -0.0016718254336935516047
      252       233 0.025579360303595734261
      252       234 0.0039583254019140553734
      252       235 -0.28413103434249104007
      252       236 -0.72884696577721719279
      252       237 0.25832834112133074012
      252       238 -0.77798932545655719029
      252       251 -0.010949014363952546888
      252       252 2.7201165663886137658
      252       253 0.23550840747741133563
      252       254 -0.52854225270514365587
      252       255 -0.22266423476218596966
      252       256 -0.45887744079251208129
      252       269 -0.0016718254337078971173
      252       270 -0.21491269916170002707
      253       235 -0.71694004979598480176
      253       236 0.075569415309903173461
      253       247 -0.32337744473100615838
      253       248 -0.27513517830678330123
      253       251 -0.23496241556442692966
      253       252 0.23550840747741133563
      253       253 2.6794520191451005608
      253       254 -0.062278622802331838615
      253       265 -0.31758852373551560433
      253       266 0.22485476983783414529
      253       269 -0.21940520106589594951
      253       270 -0.23583130667167917505
      253       271 -0.85117304701459872707
      253       272 0.03731251515564606297
      254       235 0.07556941530989044753
      254       236 -0.16610888356894179529
      254       247 -0.27513517830678146936
      254       248 -0.39506144764719763884
      254       251 0.23550840747740564574
      254       252 -0.52854225270514365587
      254       253 -0.062278622802331838615
      254       254 2.5795978922274147571
      254       265 0.22485476983783836413
      254       266 -0.7118268996128022108
      254       269 -0.23583130667165172478
      254       270 -0.51628473115510553626
      254       271 0.037312515155630748831
      254       272 -0.24576834030054978131
      255       237 -0.75610473702388003581
      255       238 -0.093303608395910661577
      255       241 -0.26602199924865749248
      255       242 0.26589365977073436964
      255       251 -0.15438574224881099206
      255       252 -0.22266423476218596966
      255       255 2.6527915492274769527
      255       256 0.011421623500714085317
      255       259 -0.30163575620651444931
      255       260 -0.16357910625657604009
      255       269 -0.43029607072474523877
      255       270 0.28774323331662887693
      255       273 -0.7288436096971889766
      255       274 -0.085511567173404273712
      256       237 -0.093303608395916559637
      256       238 -0.22069376554302869153
      256       241 0.26589365977071688363
      256       242 -0.27380475204701565373
      256       251 -0.22266423476217109267
      256       252 -0.45887744079251208129
      256       255 0.011421623500714085317
      256       256 2.6585457993518524233
      256       259 -0.16357910625655602832
      256       260 -0.83771803591958604596
      256       269 0.28774323331663637093
      256       270 -0.65194457192151489267
      256       273 -0.085511567173423785881
      256       274 -0.20000359905051531828
      257       239 -1.0087212693823230936
      257       240 -0.016570309109076933329
      257       245 -0.041732290769345620207
      257       246 0.2505504091195087657
      257       249 -0.0064918152606208727115
      257       250 -0.24580100219038458764
      257       257 2.7817681733295218649
      257       258 0.073449704733235296472
      257       263 -0.34662539337531700356
      257       264 -0.17895138141741179227
      257       267 -0.38610953423836891218
      257       268 0.13169151931071609862
      257       275 -0.65096059110695891903
      257       276 -0.24671662709971187155
      257       281 -0.32179563167128727441
      257       282 0.23234768665312513503
      258       239 -0.016570309109081360344
      258       240 -0.43853137989288903942
      258       245 0.25055040911953835314
      258       246 -0.060417112486855710507
      258       249 -0.2458010021904070419
      258       250 -0.10413226047355780834
      258       257 0.073449704733235296472
      258       258 2.7902988424333510231
      258       263 -0.17895138141743224813
      258       264 -0.85767245987632201309
      258       267 0.13169151931073863615
      258       268 -0.89029494762812699804
      258       275 -0.24671662709971023397
      258       276 -0.32135909094115777673
      258       281 0.23234768665311847369
      258       282 -0.098559943609142539045
      259       241 -0.75871513647122279522
      259       242 -0.18685707797732831192
      259       249 -0.18770173304747264642
      259       250 0.25720770233021533757
      259       255 -0.30163575620651444931
      259       256 -0.16357910625655602832
      259       259 2.6110069567240818955
      259       260 0.17652733168479428638
      259       267 -0.33498665341163652576
      259       268 -0.145739380989246603
      259       273 -0.36316824390717317161
      259       274 0.27129886922993912135
      259       283 -0.64869781030739182004
      259       284 -0.20885833802181799634
      260       241 -0.18685707797733291935
      260       242 -0.2787125191307050498
      260       249 0.25720770233022871576
      260       250 -0.17566379946432994497
      260       255 -0.16357910625657604009
      260       256 -0.83771803591958604596
      260       259 0.17652733168479428638
      260       260 2.7601340604527702105
      260       267 -0.14573938098925171003
      260       268 -0.90036472354290808529
      260       273 0.2712988692299607707
      260       274 -0.3079854950123663837
      260       283 -0.20885833802182274255
      260       284 -0.2435878640102000503
      261       243 -0.51318594927465133182
      261       244 0.27250971777469934487
      261       261 1.4956723395839022217
      261       262 -0.045019435549405767416
      261       265 -0.51026817669940349731
      261       277 -0.46712738558491695429
      261       278 -0.22749028222529352194
      262       243 0.022509717774707692362
      262       244 -0.2939290164623776791
      262       261 -0.045019435549405767416
      262       262 1.5226407939752260035
      262       265 -1.0640793801641734717e-14
      262       266 -1.0218090604050400483
      262       277 0.02250971777470864299
      262       278 -0.20181188908287742145
      263       245 -0.52701218545510142288
      263       246 -0.23930383970505245128
      263       257 -0.34662539337531700356
      263       258 -0.17895138141743224813
      263       263 1.4232480160846370243
      263       264 0.16358015096852679404
      263       275 -0.16466570794736970496
      263       276 0.25305956064961021568
      263       279 -0.37730319793449385024
      263       280 0.0016155095043478154629
      264       245 0.010696160294932036822
      264       246 -0.24886310751194831714
      264       257 -0.17895138141741179227
      264       258 -0.85767245987632201309
      264       263 0.16358015096852679404
      264       264 1.3994442234368140721
      264       275 0.25305956064961604435
      264       276 -0.10003151242458201142
      264       279 -0.24838449049566307947
      264       280 -0.18523561225160894983
      265       243 -0.060038300586617965315
      265       244 -0.24930532893565213182
      265       247 -0.81782214969455713227
      265       248 0.18977308635979478479
      265       253 -0.31758852373551560433
      265       254 0.22485476983783836413
      265       261 -0.51026817669940349731
      265       262 -1.0640793801641734717e-14
      265       265 2.8268437573942417629
      265       266 -0.13064322213391263428
      265       271 -0.053634574192266602777
      265       272 -0.23745857569711545376
      265       277 -0.11025528067957109102
      265       278 0.25299246440793976554
      265       285 -0.93773332706611334242
      265       286 -0.050213193838881883813
      266       243 -0.24930532893565793273
      266       244 0.011126228203185300342
      266       247 0.18977308635979789342
      266       248 -0.32877305306715887134
      266       253 0.22485476983783414529
      266       254 -0.7118268996128022108
      266       262 -1.0218090604050400483
      266       265 -0.13064322213391263428
      266       266 2.7971366313953494043
      266       271 -0.23745857569711972812
      266       272 -0.23993499857959335597
      266       277 0.25299246440793526913
      266       278 -0.12369512633204762797
      266       285 -0.050213193838877151487
      266       286 -0.36272029686170109697
      267       249 -0.89203595427472393009
      267       250 -0.014138160616136444259
      267       257 -0.38610953423836891218
      267       258 0.13169151931073863615
      267       259 -0.33498665341163652576
      267       260 -0.14573938098925171003
      267       267 2.7374350386965247139
      267       268 0.041929140823516231062
      267       281 -0.68318367238136301633
      267       282 -0.27285706476749810312
      267       283 -0.42816816524019912782
      267       284 0.25911394623863098774
      268       249 -0.014138160616127833091
      268       250 -0.3615230791839375013
      268       257 0.13169151931071609862
      268       258 -0.89029494762812699804
      268       259 -0.145739380989246603
      268       260 -0.90036472354290808529
      268       267 0.041929140823516231062
      268       268 2.8219529536837404393
      268       281 -0.27285706476749393978
      268       282 -0.40199442089603493189
      268       283 0.25911394623863537312
      268       284 -0.25482472328249261562
      269       251 -0.82326338795992493047
      269       252 -0.0016718254337078971173
      269       253 -0.21940520106589594951
      269       254 -0.23583130667165172478
      269       255 -0.43029607072474523877
      269       256 0.28774323331663637093
      269       269 2.8577221247379345215
      269       270 -0.10055101034458624465
      269       271 -0.28832903960121575304
      269       272 0.26442573017308268479
      269       273 -0.055703836177532051188
      269       274 -0.22022702039534911012
      269       287 -1.0248005581970669464
      269       288 0.0061121993555755165309
      270       251 -0.0016718254336935516047
      270       252 -0.21491269916170002707
      270       253 -0.23583130667167917505
      270       254 -0.51628473115510553626
      270       255 0.28774323331662887693
      270       256 -0.65194457192151489267
      270       269 -0.10055101034458624465
      270       270 2.5397183357766022205
      270       271 0.26442573017310627703
      270       272 -0.47208986053980911413
      270       273 -0.22022702039535405061
      270       274 -0.31212247554718353104
      270       287 0.0061121993555777508547
      270       288 -0.35643996643972658545
      271       253 -0.85117304701459872707
      271       254 0.037312515155630748831
      271       265 -0.053634574192266602777
      271       266 -0.23745857569711972812
      271       269 -0.28832903960121575304
      271       270 0.26442573017310627703
      271       271 2.7283343932444399371
      271       272 -0.10537982733328597751
      271       285 -0.46699624668470252065
      271       286 0.26032560402877885641
      271       287 -0.31203450141139416063
      271       288 -0.24890173945767943287
      271       293 -0.73934090197399460198
      271       294 0.029676293130569450507
      272       253 0.03731251515564606297
      272       254 -0.24576834030054978131
      272       265 -0.23745857569711545376
      272       266 -0.23993499857959335597
      272       269 0.26442573017308268479
      272       270 -0.47208986053980911413
      272       271 -0.10537982733328597751
      272       272 2.6836735341909268016
      272       285 0.26032560402877963357
      272       286 -0.87022513264019740742
      272       287 -0.24890173945766222441
      272       288 -0.64142852761059432343
      272       293 0.029676293130555086996
      272       294 -0.19740059215392161129
      273       255 -0.7288436096971889766
      273       256 -0.085511567173423785881
      273       259 -0.36316824390717317161
      273       260 0.2712988692299607707
      273       269 -0.055703836177532051188
      273       270 -0.22022702039535405061
      273       273 2.6250191341118309651
      273       274 -0.14117586865548467645
      273       283 -0.22188785131519586646
      273       284 -0.0012307942261375708071
      273       287 -0.30935806520766684358
      273       288 0.23097185506952036538
      273       297 -0.73342734457139913129
      273       298 0.18713661319565230712
      273       299 -0.19273883847148481907
      273       300 -0.24126208704473289801
      274       255 -0.085511567173404273712
      274       256 -0.20000359905051531828
      274       259 0.27129886922993912135
      274       260 -0.3079854950123663837
      274       269 -0.22022702039534911012
      274       270 -0.31212247554718353104
      274       273 -0.14117586865548467645
      274       274 2.6165613353865686541
      274       283 -0.0012307942261387929198
      274       284 -0.78555747615232840442
      274       287 0.23097185506951309342
      274       288 -0.65735912603883772665
      274       297 0.18713661319565100261
      274       298 -0.28203489076859195039
      274       299 -0.24126208704472615341
      274       300 -0.051606928052554554287
      275       257 -0.65096059110695891903
      275       258 -0.24671662709971023397
      275       263 -0.16466570794736970496
      275       264 0.25305956064961604435
      275       275 2.6801737465636739088
      275       276 -0.02473184432144140063
      275       279 -0.65706071172980651252
      275       280 -1.5486313539045740151e-14
      275       281 -0.37423991365329312142
      275       282 0.023221580452328915989
      275       303 -0.70292864618282668854
      275       304 0.2451673303192176967
      275       305 -0.11604254621550998128
      275       306 -0.24999999999999544809
      276       257 -0.24671662709971187155
      276       258 -0.32135909094115777673
      276       263 0.25305956064961021568
      276       264 -0.10003151242458201142
      276       275 -0.02473184432144140063
      276       276 3.1749021009458084919
      276       280 -1.3151107732139448725
      276       281 0.023221580452319506849
      276       282 -1.0296749281933832432
      276       303 0.2451673081209641003
      276       304 -0.34019311352295039663
      276       305 -0.24999997780174038065
      276       306 -0.0542570529218806899
      277       261 -0.46712738558491695429
      277       262 0.02250971777470864299
      277       265 -0.11025528067957109102
      277       266 0.25299246440793526913
      277       277 1.4410376628716228264
      277       278 -0.028218315889760363369
      277       285 -0.31799619147362356841
      277       286 -7.6698773718643126381e-06
      277       289 -0.49934895833334635995
      277       291 -0.035653942861027486388
      277       292 -0.24727619641551157326
      278       261 -0.22749028222529352194
      278       262 -0.20181188908287742145
      278       265 0.25299246440793976554
      278       266 -0.12369512633204762797
      278       277 -0.028218315889760363369
      278       278 1.3733521383550670869
      278       285 -7.6698773772682947501e-06
      278       286 -0.80458475612827706769
      278       289 0.25000000000000643929
      278       290 -0.24934895833333978188
      278       291 -0.24727619641551490393
      278       292 0.01674449546061470076
      279       263 -0.37730319793449385024
      279       264 -0.24838449049566307947
      279       275 -0.65706071172980651252
      279       279 1.4198768511307513496
      279       280 -0.0032310190086800374965
      279       305 -0.38155554244912770478
      279       306 0.25161550950434319329
      280       263 0.0016155095043478154629
      280       264 -0.18523561225160894983
      280       275 -1.5486313539045740151e-14
      280       276 -1.3151107732139448725
      280       279 -0.0032310190086800374965
      280       280 1.6980440857637886243
      280       305 0.0016155095043477163668
      280       306 -0.19374030128091118685
      281       257 -0.32179563167128727441
      281       258 0.23234768665311847369
      281       267 -0.68318367238136301633
      281       268 -0.27285706476749393978
      281       275 -0.37423991365329312142
      281       276 0.023221580452319506849
      281       281 2.5921193365240320361
      281       282 -0.0010050586072459170416
      281       283 -0.20132778622176394911
      281       284 0.020975653130316108952
      281       301 -0.70053280629978931238
      281       302 0.2490566753987414339
      281       303 -0.2959343920081929924
      281       304 -0.25173947225975590314
      282       257 0.23234768665312513503
      282       258 -0.098559943609142539045
      282       267 -0.27285706476749810312
      282       268 -0.40199442089603493189
      282       275 0.023221580452328915989
      282       276 -1.0296749281933832432
      282       281 -0.0010050586072459170416
      282       282 2.8332788884247506189
      282       283 0.020975653130306925326
      282       284 -0.78198555580064621484
      282       301 0.24905667539874706828
      282       302 -0.34767224833710097531
      282       303 -0.25173947225976395226
      282       304 -0.15828665730010244017
      283       259 -0.64869781030739182004
      283       260 -0.20885833802182274255
      283       267 -0.42816816524019912782
      283       268 0.25911394623863537312
      283       273 -0.22188785131519586646
      283       274 -0.0012307942261387929198
      283       281 -0.20132778622176394911
      283       282 0.020975653130306925326
      283       283 2.6382745086498045062
      283       284 -0.094330426702043876364
      283       299 -0.80335744268899500486
      283       300 0.27477210882366348565
      283       301 -0.31885135075926568371
      283       302 -0.25044214924260027599
      284       259 -0.20885833802181799634
      284       260 -0.2435878640102000503
      284       267 0.25911394623863098774
      284       268 -0.25482472328249261562
      284       273 -0.0012307942261375708071
      284       274 -0.78555747615232840442
      284       281 0.020975653130316108952
      284       282 -0.78198555580064621484
      284       283 -0.094330426702043876364
      284       284 2.6938169456624661002
      284       299 0.27477210882365254996
      284       300 -0.45114710902661075975
      284       301 -0.25044214924259944333
      284       302 -0.16073011527319747138
      285       265 -0.93773332706611334242
      285       266 -0.050213193838877151487
      285       271 -0.46699624668470252065
      285       272 0.26032560402877963357
      285       277 -0.31799619147362356841
      285       278 -7.6698773772682947501e-06
      285       285 2.9658719869839136329
      285       286 -0.23113874346385840375
      285       291 -1.0704032112515136088
      285       292 0.27516214229589347484
      285       293 -0.15941033687009387165
      285       294 -0.25412813914456039432
      286       265 -0.050213193838881883813
      286       266 -0.36272029686170109697
      286       271 0.26032560402877885641
      286       272 -0.87022513264019740742
      286       277 -7.6698773718643126381e-06
      286       278 -0.80458475612827706769
      286       285 -0.23113874346385840375
      286       286 2.8085666068531458528
      286       291 0.27516214229588875639
      286       292 -0.57232451871352396644
      286       293 -0.25412813914455500974
      286       294 -0.18537922887158356233
      287       269 -1.0248005581970669464
      287       270 0.0061121993555777508547
      287       271 -0.31203450141139416063
      287       272 -0.24890173945766222441
      287       273 -0.30935806520766684358
      287       274 0.23097185506951309342
      287       287 3.1437652976514405267
      287       288 0.029496859527064385464
      287       293 0.012097368584904847483
      287       294 0.24487318341017805245
      287       295 -1.2627574655055537889
      287       297 -0.23149794733017353687
      287       298 -0.26255235790467068568
      288       269 0.0061121993555755165309
      288       270 -0.35643996643972658545
      288       271 -0.24890173945767943287
      288       272 -0.64142852761059432343
      288       273 0.23097185506952036538
      288       274 -0.65735912603883772665
      288       287 0.029496859527064385464
      288       288 2.6597487288003129891
      288       293 0.24487318341020006263
      288       294 -0.12533647106124526371
      288       295 -9.6207763977673721456e-15
      288       296 -0.63086358164647848845
      288       297 -0.26255235790467090773
      288       298 -0.23290692741893423423
      289       277 -0.49934895833334635995
      289       278 0.25000000000000643929
      289       289 0.75130208333335268822
      289       290 -0.25000000000000643929
      289       291 -0.24934895833333978188
      290       278 -0.24934895833333978188
      290       289 -0.25000000000000643929
      290       290 0.75130208333335268822
      290       291 0.25000000000000643929
      290       292 -0.49934895833334630444
      291       277 -0.035653942861027486388
      291       278 -0.24727619641551490393
      291       285 -1.0704032112515136088
      291       286 0.27516214229588875639
      291       289 -0.24934895833333978188
      291       290 0.25000000000000643929
      291       291 1.5333426275562762608
      291       292 -0.2508234291790858439
      291       293 -0.17036994559518145453
      291       294 -0.027062516701294447863
      292       277 -0.24727619641551157326
      292       278 0.01674449546061470076
      292       285 0.27516214229589347484
      292       286 -0.57232451871352396644
      292       290 -0.49934895833334630444
      292       291 -0.2508234291790858439
      292       292 1.4843841101164809704
      292       293 0.22293748329870394231
      292       294 -0.42188855901501137735
      293       271 -0.73934090197399460198
      293       272 0.029676293130555086996
      293       285 -0.15941033687009387165
      293       286 -0.25412813914455500974
      293       287 0.012097368584904847483
      293       288 0.24487318341020006263
      293       291 -0.17036994559518145453
      293       292 0.22293748329870394231
      293       293 1.3429302366718098849
      293       294 0.034447569726715428218
      293       295 -0.27540286445652129022
      293       296 -0.27780639042161958674
      294       271 0.029676293130569450507
      294       272 -0.19740059215392161129
      294       285 -0.25412813914456039432
      294       286 -0.18537922887158356233
      294       287 0.24487318341017805245
      294       288 -0.12533647106124526371
      294       291 -0.027062516701294447863
      294       292 -0.42188855901501137735
      294       293 0.034447569726715428218
      294       294 1.3746793013658236138
      294       295 -0.02780639042160810287
      294       296 -0.43417089390313723385
      295       287 -1.2627574655055537889
      295       288 -9.6207763977673721456e-15
      295       293 -0.27540286445652129022
      295       294 -0.02780639042160810287
      295       295 1.6771188989520906532
      295       296 0.055612780843224775273
      295       297 -0.13483736013962616118
      295       298 -0.027806390421607009994
      296       288 -0.63086358164647848845
      296       293 -0.27780639042161958674
      296       294 -0.43417089390313723385
      296       295 0.055612780843224775273
      296       296 1.4330438261446829529
      296       297 0.22219360957839473514
      296       298 -0.36388814174467842832
      297       273 -0.73342734457139913129
      297       274 0.18713661319565100261
      297       287 -0.23149794733017353687
      297       288 -0.26255235790467090773
      297       295 -0.13483736013962616118
      297       296 0.22219360957839473514
      297       297 1.3187205945949647123
      297       298 -0.10241096303128627287
      297       299 -0.2110711542443382549
      297       300 -0.044366901838088362853
      298       273 0.18713661319565230712
      298       274 -0.28203489076859195039
      298       287 -0.26255235790467068568
      298       288 -0.23290692741893423423
      298       295 -0.027806390421607009994
      298       296 -0.36388814174467842832
      298       297 -0.10241096303128627287
      298       298 1.4081984883312967938
      298       299 0.20563309816191180368
      298       300 -0.52148174008966352577
      299       273 -0.19273883847148481907
      299       274 -0.24126208704472615341
      299       283 -0.80335744268899500486
      299       284 0.27477210882365254996
      299       297 -0.2110711542443382549
      299       298 0.20563309816191180368
      299       299 1.3529359630268245063
      299       300 -0.16660976699729848627
      299       301 -0.13741231705145737219
      299       302 -0.072533352943539630697
      300       273 -0.24126208704473289801
      300       274 -0.051606928052554554287
      300       283 0.27477210882366348565
      300       284 -0.45114710902661075975
      300       297 -0.044366901838088362853
      300       298 -0.52148174008966352577
      300       299 -0.16660976699729848627
      300       300 1.4665173084479221632
      300       301 0.17746664705645626148
      300       302 -0.43392532070854716864
      301       281 -0.70053280629978931238
      301       282 0.24905667539874706828
      301       283 -0.31885135075926568371
      301       284 -0.25044214924259944333
      301       299 -0.13741231705145737219
      301       300 0.17746664705645626148
      301       301 1.2956991710637508763
      301       302 -0.092900109685735060561
      301       303 -0.13115509405339251248
      301       304 -0.083181063526868631586
      302       281 0.2490566753987414339
      302       282 -0.34767224833710097531
      302       283 -0.25044214924260027599
      302       284 -0.16073011527319747138
      302       299 -0.072533352943539630697
      302       300 -0.43392532070854716864
      302       301 -0.092900109685735060561
      302       302 1.3829036689207119259
      302       303 0.16681893647313345008
      302       304 -0.43282838170202109218
      303       275 -0.70292864618282668854
      303       276 0.2451673081209641003
      303       281 -0.2959343920081929924
      303       282 -0.25173947225976395226
      303       301 -0.13115509405339251248
      303       302 0.16681893647313345008
      303       303 1.297853171535097383
      303       304 -0.10020193049740445945
      303       305 -0.16029947487777901349
      303       306 -0.060044841836929152556
      304       275 0.2451673303192176967
      304       276 -0.34019311352295039663
      304       281 -0.25173947225975590314
      304       282 -0.15828665730010244017
      304       301 -0.083181063526868631586
      304       302 -0.43282838170202109218
      304       303 -0.10020193049740445945
      304       304 1.3960890607595002333
      304       305 0.1899551359648112836
      304       306 -0.45724534382151915679
      305       275 -0.11604254621550998128
      305       276 -0.24999997780174038065
      305       279 -0.38155554244912770478
      305       280 0.0016155095043477163668
      305       303 -0.16029947487777901349
      305       304 0.1899551359648112836
      305       305 0.66249725794167924064
      305       306 0.058429332332581428167
      306       275 -0.24999999999999544809
      306       276 -0.0542570529218806899
      306       279 0.25161550950434319329
      306       280 -0.19374030128091118685
      306       303 -0.060044841836929152556
      306       304 -0.45724534382151915679
      306       305 0.058429332332581428167
      306       306 0.70984239242357360933
