536
1 10
2 17
3 20
4 30
5 42
6 44
7 52
8 54
9 58
10 61
11 67
12 84
13 86
14 88
15 91
16 102
17 103
18 105
19 109
20 132
21 143
22 160
23 170
24 177
25 181
26 187
27 188
28 191
29 192
30 201
31 205
32 213
33 217
34 219
35 220
36 229
37 248
38 253
39 271
40 287
41 288
42 290
43 298
44 300
45 304
46 305
47 307
48 313
49 314
50 320
51 326
52 330
53 333
54 338
55 345
56 346
57 349
58 350
59 351
60 353
61 361
62 370
63 371
64 381
65 386
66 389
67 390
68 393
69 395
70 397
71 405
72 412
73 417
74 426
75 427
76 436
77 444
78 445
79 449
80 462
81 463
82 477
83 483
84 494
85 496
86 504
87 514
88 518
89 525
90 531
91 544
92 549
93 552
94 557
95 559
96 560
97 567
98 572
99 575
100 578
101 580
102 587
103 600
104 605
105 611
106 613
107 618
108 627
109 629
110 637
111 641
112 654
113 656
114 657
115 672
116 689
117 699
118 703
119 706
120 707
121 711
122 714
123 716
124 725
125 726
126 733
127 734
128 737
129 749
130 754
131 757
132 764
133 765
134 766
135 767
136 771
137 776
138 777
139 782
140 784
141 785
142 790
143 795
144 797
145 800
146 803
147 804
148 806
149 811
150 816
151 819
152 820
153 824
154 830
155 834
156 846
157 847
158 859
159 860
160 861
161 863
162 878
163 883
164 884
165 888
166 893
167 899
168 908
169 912
170 914
171 916
172 918
173 919
174 925
175 940
176 941
177 947
178 951
179 957
180 963
181 964
182 965
183 971
184 974
185 980
186 982
187 985
188 995
189 997
190 999
191 1000
192 1005
193 1007
194 1011
195 1015
196 1028
197 1037
198 1039
199 1040
200 1042
201 1043
202 1046
203 1052
204 1063
205 1071
206 1073
207 1074
208 1079
209 1090
210 1094
211 1096
212 1103
213 1109
214 1121
215 1122
216 1123
217 1126
218 1130
219 1131
220 1135
221 1140
222 1155
223 1157
224 1161
225 1164
226 1168
227 1174
228 1175
229 1176
230 1182
231 1184
232 1192
233 1193
234 1198
235 1199
236 1202
237 1206
238 1208
239 1209
240 1213
241 1218
242 1224
243 1225
244 1232
245 1233
246 1236
247 1242
248 1249
249 1250
250 1251
251 1260
252 1263
253 1266
254 1268
255 1277
256 1284
257 1285
258 1300
259 1308
260 1311
261 1316
262 1338
263 1339
264 1340
265 1342
266 1345
267 1347
268 1348
269 1350
270 1352
271 1354
272 1365
273 1379
274 1380
275 1390
276 1391
277 1392
278 1393
279 1394
280 1401
281 1402
282 1412
283 1417
284 1431
285 1437
286 1445
287 1450
288 1455
289 1459
290 1462
291 1465
292 1471
293 1472
294 1473
295 1474
296 1481
297 1489
298 1490
299 1497
300 1518
301 1523
302 1529
303 1534
304 1536
305 1540
306 1544
307 1554
308 1558
309 1566
310 1572
311 1589
312 1590
313 1591
314 1598
315 1602
316 1616
317 1619
318 1629
319 1641
320 1657
321 1658
322 1669
323 1672
324 1682
325 1683
326 1687
327 1688
328 1689
329 1693
330 1697
331 1709
332 1711
333 1716
334 1727
335 1729
336 1738
337 1742
338 1744
339 1748
340 1749
341 1751
342 1761
343 1769
344 1773
345 1776
346 1784
347 1786
348 1788
349 1797
350 1807
351 1815
352 1826
353 1827
354 1829
355 1835
356 1836
357 1840
358 1843
359 1844
360 1849
361 1851
362 1857
363 1862
364 1864
365 1866
366 1872
367 1878
368 1891
369 1893
370 1914
371 1916
372 1920
373 1927
374 1931
375 1937
376 1953
377 1964
378 1981
379 1986
380 2004
381 2005
382 2007
383 2022
384 2026
385 2039
386 2046
387 2047
388 2054
389 2062
390 2072
391 2075
392 2078
393 2100
394 2102
395 2115
396 2121
397 2123
398 2127
399 2151
400 2154
401 2155
402 2157
403 2159
404 2162
405 2164
406 2167
407 2192
408 2209
409 2211
410 2217
411 2218
412 2244
413 2248
414 2252
415 2254
416 2256
417 2258
418 2259
419 2265
420 2273
421 2287
422 2290
423 2299
424 2300
425 2303
426 2309
427 2326
428 2332
429 2346
430 2350
431 2363
432 2364
433 2369
434 2371
435 2378
436 2388
437 2390
438 2405
439 2410
440 2429
441 2434
442 2439
443 2455
444 2461
445 2464
446 2507
447 2535
448 2545
449 2554
450 2568
451 2570
452 2581
453 2585
454 2608
455 2616
456 2625
457 2652
458 2656
459 2665
460 2679
461 2681
462 2689
463 2690
464 2698
465 2700
466 2724
467 2738
468 2745
469 2757
470 2760
471 2766
472 2771
473 2780
474 2795
475 2810
476 2813
477 2817
478 2822
479 2836
480 2845
481 2850
482 2856
483 2866
484 2886
485 2894
486 2898
487 2918
488 2928
489 2938
490 2947
491 2950
492 2986
493 2998
494 3001
495 3020
496 3022
497 3030
498 3040
499 3041
500 3049
501 3059
502 3073
503 3101
504 3108
505 3115
506 3121
507 3138
508 3163
509 3166
510 3173
511 3175
512 3179
513 3196
514 3217
515 3236
516 3262
517 3263
518 3286
519 3288
520 3291
521 3303
522 3329
523 3362
524 3394
525 3466
526 3470
527 3532
528 3535
529 3552
530 3595
531 3606
532 3622
533 3704
534 3796
535 3797
536 3814
