576
1 11
2 18
3 19
4 21
5 31
6 36
7 43
8 45
9 53
10 55
11 59
12 61
13 62
14 68
15 85
16 87
17 89
18 91
19 92
20 103
21 104
22 106
23 110
24 130
25 131
26 133
27 144
28 161
29 171
30 178
31 179
32 182
33 188
34 189
35 192
36 193
37 202
38 206
39 214
40 218
41 220
42 221
43 230
44 249
45 254
46 272
47 275
48 280
49 288
50 289
51 291
52 294
53 297
54 299
55 301
56 305
57 306
58 308
59 314
60 315
61 321
62 327
63 331
64 334
65 337
66 339
67 346
68 347
69 350
70 351
71 352
72 354
73 362
74 371
75 372
76 375
77 382
78 387
79 390
80 391
81 394
82 396
83 398
84 406
85 413
86 418
87 427
88 428
89 435
90 437
91 445
92 446
93 450
94 463
95 464
96 478
97 484
98 494
99 495
100 497
101 498
102 505
103 515
104 519
105 526
106 532
107 534
108 545
109 550
110 553
111 558
112 560
113 561
114 568
115 573
116 576
117 579
118 581
119 588
120 601
121 606
122 612
123 614
124 619
125 628
126 630
127 638
128 642
129 655
130 657
131 658
132 673
133 690
134 700
135 704
136 707
137 708
138 712
139 715
140 717
141 726
142 727
143 734
144 735
145 738
146 750
147 755
148 758
149 765
150 766
151 767
152 768
153 772
154 777
155 778
156 783
157 785
158 786
159 791
160 796
161 798
162 801
163 804
164 805
165 807
166 812
167 817
168 820
169 821
170 825
171 831
172 835
173 847
174 848
175 853
176 858
177 860
178 861
179 862
180 864
181 879
182 884
183 885
184 889
185 894
186 900
187 909
188 913
189 915
190 917
191 919
192 920
193 926
194 941
195 942
196 948
197 952
198 958
199 960
200 964
201 965
202 966
203 972
204 975
205 980
206 981
207 983
208 986
209 987
210 996
211 998
212 1000
213 1001
214 1006
215 1008
216 1012
217 1016
218 1025
219 1029
220 1038
221 1040
222 1041
223 1043
224 1044
225 1047
226 1053
227 1060
228 1064
229 1067
230 1072
231 1074
232 1075
233 1080
234 1091
235 1095
236 1097
237 1104
238 1110
239 1111
240 1122
241 1123
242 1124
243 1127
244 1131
245 1132
246 1136
247 1141
248 1153
249 1156
250 1158
251 1162
252 1165
253 1169
254 1175
255 1176
256 1177
257 1183
258 1185
259 1193
260 1194
261 1199
262 1200
263 1203
264 1207
265 1208
266 1209
267 1210
268 1214
269 1219
270 1225
271 1226
272 1233
273 1234
274 1237
275 1243
276 1250
277 1251
278 1252
279 1261
280 1264
281 1267
282 1269
283 1278
284 1285
285 1286
286 1301
287 1309
288 1312
289 1317
290 1339
291 1340
292 1341
293 1343
294 1346
295 1348
296 1349
297 1351
298 1353
299 1355
300 1366
301 1373
302 1380
303 1381
304 1391
305 1392
306 1393
307 1394
308 1395
309 1402
310 1403
311 1413
312 1418
313 1432
314 1438
315 1446
316 1451
317 1456
318 1460
319 1463
320 1466
321 1472
322 1473
323 1474
324 1475
325 1482
326 1490
327 1491
328 1498
329 1519
330 1524
331 1530
332 1535
333 1537
334 1541
335 1545
336 1555
337 1559
338 1567
339 1573
340 1576
341 1590
342 1591
343 1592
344 1599
345 1603
346 1617
347 1620
348 1630
349 1642
350 1658
351 1659
352 1670
353 1673
354 1683
355 1684
356 1688
357 1689
358 1690
359 1694
360 1698
361 1710
362 1712
363 1717
364 1728
365 1730
366 1739
367 1741
368 1743
369 1745
370 1749
371 1750
372 1752
373 1755
374 1762
375 1770
376 1774
377 1777
378 1785
379 1787
380 1789
381 1798
382 1808
383 1816
384 1827
385 1828
386 1830
387 1836
388 1837
389 1841
390 1844
391 1845
392 1850
393 1852
394 1858
395 1863
396 1865
397 1867
398 1873
399 1879
400 1892
401 1894
402 1915
403 1917
404 1921
405 1928
406 1932
407 1938
408 1954
409 1965
410 1982
411 1987
412 2005
413 2006
414 2008
415 2023
416 2027
417 2040
418 2047
419 2048
420 2055
421 2063
422 2073
423 2076
424 2079
425 2080
426 2101
427 2103
428 2116
429 2122
430 2124
431 2128
432 2152
433 2155
434 2156
435 2158
436 2160
437 2163
438 2165
439 2168
440 2180
441 2193
442 2210
443 2212
444 2218
445 2219
446 2245
447 2249
448 2253
449 2255
450 2257
451 2259
452 2260
453 2266
454 2274
455 2288
456 2291
457 2300
458 2301
459 2304
460 2310
461 2327
462 2333
463 2347
464 2351
465 2364
466 2365
467 2370
468 2372
469 2379
470 2389
471 2391
472 2406
473 2411
474 2430
475 2435
476 2440
477 2456
478 2462
479 2465
480 2508
481 2536
482 2546
483 2555
484 2569
485 2571
486 2582
487 2586
488 2609
489 2617
490 2626
491 2653
492 2657
493 2666
494 2680
495 2682
496 2690
497 2691
498 2699
499 2701
500 2725
501 2739
502 2746
503 2758
504 2761
505 2767
506 2772
507 2781
508 2793
509 2796
510 2811
511 2814
512 2818
513 2823
514 2837
515 2846
516 2851
517 2857
518 2867
519 2887
520 2895
521 2899
522 2919
523 2929
524 2939
525 2948
526 2951
527 2987
528 2999
529 3002
530 3021
531 3023
532 3031
533 3041
534 3042
535 3050
536 3060
537 3061
538 3074
539 3102
540 3109
541 3116
542 3122
543 3139
544 3164
545 3167
546 3174
547 3176
548 3180
549 3197
550 3218
551 3237
552 3263
553 3264
554 3277
555 3287
556 3289
557 3291
558 3292
559 3304
560 3330
561 3363
562 3395
563 3467
564 3471
565 3533
566 3536
567 3553
568 3558
569 3596
570 3607
571 3623
572 3705
573 3797
574 3798
575 3815
576 3950
