181
1 947
2 794
3 1011
4 841
5 878
6 762
7 926
8 836
9 829
10 749
11 754
12 883
13 899
14 1024
15 900
16 808
17 761
18 817
19 1003
20 796
21 816
22 847
23 753
24 897
25 751
26 842
27 850
28 772
29 853
30 875
31 859
32 914
33 759
34 986
35 791
36 805
37 869
38 871
39 864
40 860
41 778
42 756
43 885
44 962
45 913
46 840
47 769
48 865
49 889
50 787
51 809
52 1030
53 961
54 815
55 833
56 887
57 800
58 1000
59 843
60 775
61 798
62 828
63 851
64 892
65 884
66 1014
67 1002
68 1051
69 790
70 854
71 852
72 881
73 781
74 1001
75 931
76 957
77 890
78 938
79 901
80 793
81 857
82 763
83 981
84 987
85 820
86 795
87 990
88 786
89 770
90 870
91 788
92 780
93 1029
94 959
95 969
96 831
97 758
98 822
99 888
100 757
101 825
102 750
103 767
104 819
105 974
106 811
107 774
108 755
109 1033
110 858
111 965
112 1005
113 804
114 784
115 765
116 866
117 963
118 785
119 783
120 862
121 771
122 835
123 801
124 1049
125 928
126 834
127 920
128 812
129 891
130 777
131 782
132 824
133 917
134 802
135 845
136 839
137 799
138 1006
139 919
140 1007
141 760
142 1048
143 766
144 752
145 803
146 923
147 848
148 886
149 823
150 979
151 779
152 773
153 764
154 849
155 1023
156 814
157 837
158 893
159 984
160 1034
161 1018
162 937
163 855
164 909
165 789
166 1021
167 806
168 983
169 868
170 1020
171 972
172 927
173 1041
174 1012
175 863
176 768
177 1036
178 971
179 942
180 1040
181 873
