2546 10360 2107
0 997 856 6 0 1 2 3 4 5
1 997 716 3 6 7 8
2 997 1008 1 9
3 997 69 1 10
4 1004 148 3 11 12 13
5 1004 856 6 14 15 16 17 18 19
6 1004 902 1 20
7 1004 70 3 21 22 23
8 1004 97 3 24 25 26
9 1004 716 1 27
10 1004 1008 6 28 29 30 31 32 33
11 1004 706 1 34
12 1004 69 6 35 36 37 38 39 40
13 720 148 2 41 42
14 720 886 8 43 44 45 46 47 48 49 50
15 720 70 9 51 52 53 54 55 56 57 58 59
16 720 763 13 60 61 62 63 64 65 66 67 68 69 70 71 72
17 720 706 1 73
18 720 191 5 74 75 76 77 78
19 815 148 2 79 80
20 815 856 7 81 82 83 84 85 86 87
21 815 902 5 88 89 90 91 92
22 815 97 7 93 94 95 96 97 98 99
23 815 716 5 100 101 102 103 104
24 815 1008 3 105 106 107
25 815 69 9 108 109 110 111 112 113 114 115 116
26 921 856 12 117 118 119 120 121 122 123 124 125 126 127 128
27 921 902 5 129 130 131 132 133
28 921 716 11 134 135 136 137 138 139 140 141 142 143 144
29 921 1008 3 145 146 147
30 921 69 3 148 149 150
31 618 856 9 151 152 153 154 155 156 157 158 159
32 618 70 5 160 161 162 163 164
33 618 716 5 165 166 167 168 169
34 618 1008 5 170 171 172 173 174
35 618 763 7 175 176 177 178 179 180 181
36 618 706 9 182 183 184 185 186 187 188 189 190
37 618 69 9 191 192 193 194 195 196 197 198 199
38 618 191 1 200
39 510 148 1 201
40 510 886 3 202 203 204
41 510 70 3 205 206 207
42 510 763 6 208 209 210 211 212 213
43 510 191 3 214 215 216
44 836 148 1 217
45 836 856 6 218 219 220 221 222 223
46 836 97 3 224 225 226
47 836 716 3 227 228 229
48 836 1008 3 230 231 232
49 836 69 5 233 234 235 236 237
50 622 148 5 238 239 240 241 242
51 622 886 3 243 244 245
52 622 70 13 246 247 248 249 250 251 252 253 254 255 256 257 258
53 622 97 1 259
54 622 1008 5 260 261 262 263 264
55 622 763 7 265 266 267 268 269 270 271
56 622 706 12 272 273 274 275 276 277 278 279 280 281 282 283
57 622 69 3 284 285 286
58 622 191 1 287
59 894 886 3 288 289 290
60 894 763 1 291
61 890 856 3 292 293 294
62 890 902 9 295 296 297 298 299 300 301 302 303
63 890 716 6 304 305 306 307 308 309
64 890 1008 2 310 311
65 890 69 3 312 313 314
66 505 856 6 315 316 317 318 319 320
67 505 70 1 321
68 505 716 5 322 323 324 325 326
69 505 1008 2 327 328
70 505 763 1 329
71 505 706 6 330 331 332 333 334 335
72 505 69 6 336 337 338 339 340 341
73 505 186 1 342
74 390 148 8 343 344 345 346 347 348 349 350
75 390 856 3 351 352 353
76 390 886 1 354
77 390 70 16 355 356 357 358 359 360 361 362 363 364 365 366 367 368 369 370
78 390 97 5 371 372 373 374 375
79 390 716 2 376 377
80 390 1008 6 378 379 380 381 382 383
81 390 763 11 384 385 386 387 388 389 390 391 392 393 394
82 390 706 6 395 396 397 398 399 400
83 390 69 12 401 402 403 404 405 406 407 408 409 410 411 412
84 390 191 5 413 414 415 416 417
85 720 148 1 418
86 720 886 6 419 420 421 422 423 424
87 720 70 3 425 426 427
88 720 191 3 428 429 430
89 720 763 6 431 432 433 434 435 436
90 744 886 1 437
91 573 886 5 438 439 440 441 442
92 573 70 1 443
93 573 191 5 444 445 446 447 448
94 573 763 6 449 450 451 452 453 454
95 618 70 7 455 456 457 458 459 460 461
96 618 191 3 462 463 464
97 618 763 5 465 466 467 468 469
98 618 69 3 470 471 472
99 510 148 3 473 474 475
100 510 886 5 476 477 478 479 480
101 510 70 13 481 482 483 484 485 486 487 488 489 490 491 492 493
102 510 191 13 494 495 496 497 498 499 500 501 502 503 504 505 506
103 510 763 13 507 508 509 510 511 512 513 514 515 516 517 518 519
104 894 886 5 520 521 522 523 524
105 894 763 1 525
106 513 260 3 526 527 528
107 513 886 1 529
108 513 70 1 530
109 513 191 12 531 532 533 534 535 536 537 538 539 540 541 542
110 513 763 5 543 544 545 546 547
111 505 260 3 548 549 550
112 505 856 2 551 552
113 505 70 11 553 554 555 556 557 558 559 560 561 562 563
114 505 191 9 564 565 566 567 568 569 570 571 572
115 505 265 1 573
116 505 716 2 574 575
117 505 763 6 576 577 578 579 580 581
118 505 706 4 582 583 584 585
119 505 69 7 586 587 588 589 590 591 592
120 505 186 4 593 594 595 596
121 390 148 3 597 598 599
122 390 70 9 600 601 602 603 604 605 606 607 608
123 390 97 1 609
124 390 191 3 610 611 612
125 390 763 3 613 614 615
126 390 69 3 616 617 618
127 517 211 3 619 620 621
128 517 266 1 622
129 610 470 3 623 624 625
130 610 680 3 626 627 628
131 610 266 1 629
132 610 116 3 630 631 632
133 610 315 10 633 634 635 636 637 638 639 640 641 642
134 610 611 3 643 644 645
135 610 46 1 646
136 610 726 3 647 648 649
137 610 430 3 650 651 652
138 610 111 6 653 654 655 656 657 658
139 610 730 3 659 660 661
140 610 216 3 662 663 664
141 610 854 1 665
142 610 322 3 666 667 668
143 537 680 5 669 670 671 672 673
144 537 266 9 674 675 676 677 678 679 680 681 682
145 537 116 11 683 684 685 686 687 688 689 690 691 692 693
146 537 315 3 694 695 696
147 537 46 12 697 698 699 700 701 702 703 704 705 706 707 708
148 537 430 5 709 710 711 712 713
149 537 111 10 714 715 716 717 718 719 720 721 722 723
150 537 216 1 724
151 537 322 1 725
152 388 211 3 726 727 728
153 388 266 1 729
154 382 211 1 730
155 382 266 9 731 732 733 734 735 736 737 738 739
156 382 430 3 740 741 742
157 486 211 5 743 744 745 746 747
158 486 281 1 748
159 486 266 1 749
160 486 132 3 750 751 752
161 486 325 3 753 754 755
162 486 67 3 756 757 758
163 433 281 1 759
164 433 266 1 760
165 433 116 7 761 762 763 764 765 766 767
166 433 315 1 768
167 433 46 6 769 770 771 772 773 774
168 433 111 3 775 776 777
169 586 470 6 778 779 780 781 782 783
170 586 315 3 784 785 786
171 586 611 1 787
172 586 730 1 788
173 405 211 3 789 790 791
174 405 680 3 792 793 794
175 405 266 17 795 796 797 798 799 800 801 802 803 804 805 806 807 808 809 810 811
176 405 132 1 812
177 405 46 10 813 814 815 816 817 818 819 820 821 822
178 405 430 3 823 824 825
179 405 67 1 826
180 373 211 3 827 828 829
181 373 266 5 830 831 832 833 834
182 373 430 1 835
183 262 211 6 836 837 838 839 840 841
184 262 281 8 842 843 844 845 846 847 848 849
185 262 266 5 850 851 852 853 854
186 262 132 5 855 856 857 858 859
187 262 116 3 860 861 862
188 262 325 5 863 864 865 866 867
189 262 46 14 868 869 870 871 872 873 874 875 876 877 878 879 880 881
190 262 67 13 882 883 884 885 886 887 888 889 890 891 892 893 894
191 389 260 1 895
192 389 265 3 896 897 898
193 514 260 6 899 900 901 902 903 904
194 514 191 1 905
195 514 265 7 906 907 908 909 910 911 912
196 718 148 3 913 914 915
197 718 260 3 916 917 918
198 718 70 3 919 920 921
199 718 97 3 922 923 924
200 718 191 3 925 926 927
201 718 265 6 928 929 930 931 932 933
202 718 69 6 934 935 936 937 938 939
203 718 186 3 940 941 942
204 293 260 6 943 944 945 946 947 948
205 293 265 10 949 950 951 952 953 954 955 956 957 958
206 573 260 5 959 960 961 962 963
207 573 70 3 964 965 966
208 573 191 10 967 968 969 970 971 972 973 974 975 976
209 573 265 6 977 978 979 980 981 982
210 573 69 3 983 984 985
211 573 186 3 986 987 988
212 618 70 1 989
213 618 69 3 990 991 992
214 510 148 8 993 994 995 996 997 998 999 1000
215 510 260 1 1001
216 510 70 14 1002 1003 1004 1005 1006 1007 1008 1009 1010 1011 1012 1013 1014 1015
217 510 97 3 1016 1017 1018
218 510 191 5 1019 1020 1021 1022 1023
219 510 265 3 1024 1025 1026
220 510 69 9 1027 1028 1029 1030 1031 1032 1033 1034 1035
221 510 186 3 1036 1037 1038
222 388 260 3 1039 1040 1041
223 388 265 7 1042 1043 1044 1045 1046 1047 1048
224 513 260 14 1049 1050 1051 1052 1053 1054 1055 1056 1057 1058 1059 1060 1061 1062
225 513 70 3 1063 1064 1065
226 513 191 5 1066 1067 1068 1069 1070
227 513 265 9 1071 1072 1073 1074 1075 1076 1077 1078 1079
228 513 69 3 1080 1081 1082
229 513 186 3 1083 1084 1085
230 505 260 3 1086 1087 1088
231 505 856 1 1089
232 505 70 3 1090 1091 1092
233 505 191 1 1093
234 505 265 5 1094 1095 1096 1097 1098
235 505 69 6 1099 1100 1101 1102 1103 1104
236 505 186 5 1105 1106 1107 1108 1109
237 390 148 3 1110 1111 1112
238 390 70 3 1113 1114 1115
239 390 97 3 1116 1117 1118
240 390 69 6 1119 1120 1121 1122 1123 1124
241 373 260 1 1125
242 373 265 2 1126 1127
243 317 315 1 1128
244 317 730 3 1129 1130 1131
245 506 854 1 1132
246 506 315 1 1133
247 506 730 5 1134 1135 1136 1137 1138
248 381 315 1 1139
249 381 730 3 1140 1141 1142
250 535 281 1 1143
251 535 854 7 1144 1145 1146 1147 1148 1149 1150
252 535 116 5 1151 1152 1153 1154 1155
253 535 315 3 1156 1157 1158
254 535 726 6 1159 1160 1161 1162 1163 1164
255 535 730 6 1165 1166 1167 1168 1169 1170
256 535 111 1 1171
257 645 281 1 1172
258 645 116 3 1173 1174 1175
259 645 726 3 1176 1177 1178
260 730 281 2 1179 1180
261 730 854 5 1181 1182 1183 1184 1185
262 730 116 6 1186 1187 1188 1189 1190 1191
263 730 726 12 1192 1193 1194 1195 1196 1197 1198 1199 1200 1201 1202 1203
264 610 680 1 1204
265 610 854 3 1205 1206 1207
266 610 116 1 1208
267 610 315 6 1209 1210 1211 1212 1213 1214
268 610 726 4 1215 1216 1217 1218
269 610 730 6 1219 1220 1221 1222 1223 1224
270 610 111 1 1225
271 534 470 1 1226
272 534 315 5 1227 1228 1229 1230 1231
273 534 730 3 1232 1233 1234
274 537 680 11 1235 1236 1237 1238 1239 1240 1241 1242 1243 1244 1245
275 537 854 3 1246 1247 1248
276 537 116 5 1249 1250 1251 1252 1253
277 537 315 6 1254 1255 1256 1257 1258 1259
278 537 46 5 1260 1261 1262 1263 1264
279 537 726 11 1265 1266 1267 1268 1269 1270 1271 1272 1273 1274 1275
280 537 730 3 1276 1277 1278
281 537 111 3 1279 1280 1281
282 433 281 4 1282 1283 1284 1285
283 433 854 3 1286 1287 1288
284 433 116 24 1289 1290 1291 1292 1293 1294 1295 1296 1297 1298 1299 1300 1301 1302 1303 1304 1305 1306 1307 1308 1309 1310 1311 1312
285 433 315 5 1313 1314 1315 1316 1317
286 433 46 5 1318 1319 1320 1321 1322
287 433 726 12 1323 1324 1325 1326 1327 1328 1329 1330 1331 1332 1333 1334
288 433 730 3 1335 1336 1337
289 433 111 6 1338 1339 1340 1341 1342 1343
290 908 854 3 1344 1345 1346
291 908 726 1 1347
292 586 470 3 1348 1349 1350
293 586 315 10 1351 1352 1353 1354 1355 1356 1357 1358 1359 1360
294 586 730 3 1361 1362 1363
295 405 680 3 1364 1365 1366
296 405 46 3 1367 1368 1369
297 262 281 3 1370 1371 1372
298 262 116 3 1373 1374 1375
299 262 325 1 1376
300 262 46 5 1377 1378 1379 1380 1381
301 262 67 1 1382
302 537 470 6 1383 1384 1385 1386 1387 1388
303 537 266 3 1389 1390 1391
304 537 116 1 1392
305 537 315 6 1393 1394 1395 1396 1397 1398
306 537 611 3 1399 1400 1401
307 537 430 9 1402 1403 1404 1405 1406 1407 1408 1409 1410
308 537 46 1 1411
309 537 111 5 1412 1413 1414 1415 1416
310 537 216 9 1417 1418 1419 1420 1421 1422 1423 1424 1425
311 537 322 5 1426 1427 1428 1429 1430
312 610 470 8 1431 1432 1433 1434 1435 1436 1437 1438
313 610 315 5 1439 1440 1441 1442 1443
314 610 611 5 1444 1445 1446 1447 1448
315 610 430 1 1449
316 610 111 1 1450
317 610 216 5 1451 1452 1453 1454 1455
318 610 322 3 1456 1457 1458
319 517 211 6 1459 1460 1461 1462 1463 1464
320 517 266 3 1465 1466 1467
321 388 211 6 1468 1469 1470 1471 1472 1473
322 388 266 3 1474 1475 1476
323 382 266 3 1477 1478 1479
324 382 430 3 1480 1481 1482
325 486 211 10 1483 1484 1485 1486 1487 1488 1489 1490 1491 1492
326 486 281 5 1493 1494 1495 1496 1497
327 486 266 8 1498 1499 1500 1501 1502 1503 1504 1505
328 486 132 5 1506 1507 1508 1509 1510
329 486 116 1 1511
330 486 325 5 1512 1513 1514 1515 1516
331 486 46 3 1517 1518 1519
332 486 67 10 1520 1521 1522 1523 1524 1525 1526 1527 1528 1529
333 405 266 5 1530 1531 1532 1533 1534
334 405 430 7 1535 1536 1537 1538 1539 1540 1541
335 433 281 1 1542
336 433 470 1 1543
337 433 266 8 1544 1545 1546 1547 1548 1549 1550 1551
338 433 116 9 1552 1553 1554 1555 1556 1557 1558 1559 1560
339 433 315 3 1561 1562 1563
340 433 611 2 1564 1565
341 433 430 3 1566 1567 1568
342 433 46 9 1569 1570 1571 1572 1573 1574 1575 1576 1577
343 433 111 9 1578 1579 1580 1581 1582 1583 1584 1585 1586
344 433 216 6 1587 1588 1589 1590 1591 1592
345 433 322 1 1593
346 586 470 6 1594 1595 1596 1597 1598 1599
347 586 315 1 1600
348 586 611 1 1601
349 373 211 2 1602 1603
350 373 266 6 1604 1605 1606 1607 1608 1609
351 373 430 1 1610
352 262 211 1 1611
353 262 281 5 1612 1613 1614 1615 1616
354 262 266 16 1617 1618 1619 1620 1621 1622 1623 1624 1625 1626 1627 1628 1629 1630 1631 1632
355 262 132 1 1633
356 262 116 6 1634 1635 1636 1637 1638 1639
357 262 325 1 1640
358 262 430 1 1641
359 262 46 10 1642 1643 1644 1645 1646 1647 1648 1649 1650 1651
360 262 67 3 1652 1653 1654
361 1017 281 3 1655 1656 1657
362 1017 680 4 1658 1659 1660 1661
363 1017 864 1 1662
364 1017 116 3 1663 1664 1665
365 1017 325 3 1666 1667 1668
366 1017 46 6 1669 1670 1671 1672 1673 1674
367 1017 726 1 1675
368 1017 1002 4 1676 1677 1678 1679
369 1017 67 5 1680 1681 1682 1683 1684
370 645 281 7 1685 1686 1687 1688 1689 1690 1691
371 645 680 5 1692 1693 1694 1695 1696
372 645 116 12 1697 1698 1699 1700 1701 1702 1703 1704 1705 1706 1707 1708
373 645 325 1 1709
374 645 46 3 1710 1711 1712
375 645 726 11 1713 1714 1715 1716 1717 1718 1719 1720 1721 1722 1723
376 645 1002 1 1724
377 645 67 1 1725
378 873 281 2 1726 1727
379 873 864 5 1728 1729 1730 1731 1732
380 873 325 7 1733 1734 1735 1736 1737 1738 1739
381 873 46 1 1740
382 873 1002 5 1741 1742 1743 1744 1745
383 873 67 13 1746 1747 1748 1749 1750 1751 1752 1753 1754 1755 1756 1757 1758
384 796 864 10 1759 1760 1761 1762 1763 1764 1765 1766 1767 1768
385 796 1002 3 1769 1770 1771
386 796 67 3 1772 1773 1774
387 730 281 1 1775
388 730 854 1 1776
389 730 116 3 1777 1778 1779
390 730 726 7 1780 1781 1782 1783 1784 1785 1786
391 831 864 5 1787 1788 1789 1790 1791
392 831 1002 1 1792
393 831 67 1 1793
394 537 680 6 1794 1795 1796 1797 1798 1799
395 537 46 1 1800
396 537 726 1 1801
397 756 281 1 1802
398 756 864 3 1803 1804 1805
399 756 325 3 1806 1807 1808
400 756 46 1 1809
401 756 1002 6 1810 1811 1812 1813 1814 1815
402 756 67 7 1816 1817 1818 1819 1820 1821 1822
403 433 281 3 1823 1824 1825
404 433 680 11 1826 1827 1828 1829 1830 1831 1832 1833 1834 1835 1836
405 433 116 6 1837 1838 1839 1840 1841 1842
406 433 325 1 1843
407 433 46 8 1844 1845 1846 1847 1848 1849 1850 1851
408 433 726 6 1852 1853 1854 1855 1856 1857
409 433 1002 1 1858
410 433 67 1 1859
411 942 864 8 1860 1861 1862 1863 1864 1865 1866 1867
412 942 1002 1 1868
413 942 67 3 1869 1870 1871
414 908 854 2 1872 1873
415 908 726 1 1874
416 405 680 10 1875 1876 1877 1878 1879 1880 1881 1882 1883 1884
417 405 864 6 1885 1886 1887 1888 1889 1890
418 405 46 6 1891 1892 1893 1894 1895 1896
419 405 1002 5 1897 1898 1899 1900 1901
420 405 67 3 1902 1903 1904
421 262 281 5 1905 1906 1907 1908 1909
422 262 680 6 1910 1911 1912 1913 1914 1915
423 262 864 1 1916
424 262 116 1 1917
425 262 325 5 1918 1919 1920 1921 1922
426 262 46 10 1923 1924 1925 1926 1927 1928 1929 1930 1931 1932
427 262 1002 6 1933 1934 1935 1936 1937 1938
428 262 67 11 1939 1940 1941 1942 1943 1944 1945 1946 1947 1948 1949
429 718 148 5 1950 1951 1952 1953 1954
430 718 260 3 1955 1956 1957
431 718 70 7 1958 1959 1960 1961 1962 1963 1964
432 718 97 3 1965 1966 1967
433 718 265 8 1968 1969 1970 1971 1972 1973 1974 1975
434 718 191 7 1976 1977 1978 1979 1980 1981 1982
435 718 69 6 1983 1984 1985 1986 1987 1988
436 718 186 3 1989 1990 1991
437 573 260 3 1992 1993 1994
438 573 191 5 1995 1996 1997 1998 1999
439 510 148 1 2000
440 510 70 3 2001 2002 2003
441 510 191 3 2004 2005 2006
442 514 260 9 2007 2008 2009 2010 2011 2012 2013 2014 2015
443 514 265 9 2016 2017 2018 2019 2020 2021 2022 2023 2024
444 514 191 3 2025 2026 2027
445 293 260 8 2028 2029 2030 2031 2032 2033 2034 2035
446 293 265 5 2036 2037 2038 2039 2040
447 517 211 3 2041 2042 2043
448 517 265 3 2044 2045 2046
449 388 211 1 2047
450 388 260 3 2048 2049 2050
451 388 265 14 2051 2052 2053 2054 2055 2056 2057 2058 2059 2060 2061 2062 2063 2064
452 513 260 6 2065 2066 2067 2068 2069 2070
453 513 191 1 2071
454 389 211 2 2072 2073
455 389 260 5 2074 2075 2076 2077 2078
456 389 265 18 2079 2080 2081 2082 2083 2084 2085 2086 2087 2088 2089 2090 2091 2092 2093 2094 2095 2096
457 373 260 1 2097
458 373 265 2 2098 2099
459 293 260 13 2100 2101 2102 2103 2104 2105 2106 2107 2108 2109 2110 2111 2112
460 293 433 10 2113 2114 2115 2116 2117 2118 2119 2120 2121 2122
461 293 430 1 2123
462 517 211 8 2124 2125 2126 2127 2128 2129 2130 2131
463 517 260 3 2132 2133 2134
464 517 266 3 2135 2136 2137
465 517 265 5 2138 2139 2140 2141 2142
466 517 433 3 2143 2144 2145
467 517 430 6 2146 2147 2148 2149 2150 2151
468 388 211 6 2152 2153 2154 2155 2156 2157
469 388 260 9 2158 2159 2160 2161 2162 2163 2164 2165 2166
470 388 266 3 2167 2168 2169
471 388 265 5 2170 2171 2172 2173 2174
472 388 433 12 2175 2176 2177 2178 2179 2180 2181 2182 2183 2184 2185 2186
473 388 430 15 2187 2188 2189 2190 2191 2192 2193 2194 2195 2196 2197 2198 2199 2200 2201
474 165 433 1 2202
475 513 260 3 2203 2204 2205
476 513 433 1 2206
477 389 211 1 2207
478 389 260 6 2208 2209 2210 2211 2212 2213
479 389 265 5 2214 2215 2216 2217 2218
480 389 433 3 2219 2220 2221
481 389 430 1 2222
482 373 211 1 2223
483 373 260 2 2224 2225
484 373 265 1 2226
485 373 433 1 2227
486 373 430 2 2228 2229
487 233 322 1 2230
488 233 433 3 2231 2232 2233
489 233 430 5 2234 2235 2236 2237 2238
490 381 470 3 2239 2240 2241
491 381 315 3 2242 2243 2244
492 589 111 1 2245
493 589 211 3 2246 2247 2248
494 589 281 3 2249 2250 2251
495 589 116 10 2252 2253 2254 2255 2256 2257 2258 2259 2260 2261
496 589 266 4 2262 2263 2264 2265
497 589 132 1 2266
498 589 325 1 2267
499 589 46 9 2268 2269 2270 2271 2272 2273 2274 2275 2276
500 589 67 3 2277 2278 2279
501 537 470 3 2280 2281 2282
502 537 315 3 2283 2284 2285
503 610 470 3 2286 2287 2288
504 610 315 3 2289 2290 2291
505 534 470 3 2292 2293 2294
506 534 315 1 2295
507 317 470 1 2296
508 317 315 3 2297 2298 2299
509 535 111 9 2300 2301 2302 2303 2304 2305 2306 2307 2308
510 535 281 1 2309
511 535 470 1 2310
512 535 116 7 2311 2312 2313 2314 2315 2316 2317
513 535 315 6 2318 2319 2320 2321 2322 2323
514 535 46 3 2324 2325 2326
515 486 211 3 2327 2328 2329
516 486 281 3 2330 2331 2332
517 486 116 3 2333 2334 2335
518 486 266 7 2336 2337 2338 2339 2340 2341 2342
519 486 132 1 2343
520 486 325 1 2344
521 486 46 7 2345 2346 2347 2348 2349 2350 2351
522 486 67 3 2352 2353 2354
523 433 111 9 2355 2356 2357 2358 2359 2360 2361 2362 2363
524 433 281 2 2364 2365
525 433 470 5 2366 2367 2368 2369 2370
526 433 116 12 2371 2372 2373 2374 2375 2376 2377 2378 2379 2380 2381 2382
527 433 216 1 2383
528 433 315 10 2384 2385 2386 2387 2388 2389 2390 2391 2392 2393
529 433 266 3 2394 2395 2396
530 433 611 1 2397
531 433 46 6 2398 2399 2400 2401 2402 2403
532 586 470 6 2404 2405 2406 2407 2408 2409
533 586 315 3 2410 2411 2412
534 506 111 1 2413
535 506 470 1 2414
536 506 315 5 2415 2416 2417 2418 2419
537 262 281 1 2420
538 262 116 3 2421 2422 2423
539 262 266 3 2424 2425 2426
540 262 46 3 2427 2428 2429
541 744 85 1 2430
542 744 886 3 2431 2432 2433
543 744 191 3 2434 2435 2436
544 744 763 3 2437 2438 2439
545 573 85 2 2440 2441
546 573 886 5 2442 2443 2444 2445 2446
547 573 191 15 2447 2448 2449 2450 2451 2452 2453 2454 2455 2456 2457 2458 2459 2460 2461
548 573 763 9 2462 2463 2464 2465 2466 2467 2468 2469 2470
549 720 85 1 2471
550 720 148 1 2472
551 720 886 1 2473
552 720 191 9 2474 2475 2476 2477 2478 2479 2480 2481 2482
553 720 70 3 2483 2484 2485
554 720 763 5 2486 2487 2488 2489 2490
555 894 85 5 2491 2492 2493 2494 2495
556 894 886 11 2496 2497 2498 2499 2500 2501 2502 2503 2504 2505 2506
557 894 287 1 2507
558 894 191 5 2508 2509 2510 2511 2512
559 894 763 7 2513 2514 2515 2516 2517 2518 2519
560 894 757 1 2520
561 513 260 1 2521
562 513 886 1 2522
563 513 191 5 2523 2524 2525 2526 2527
564 513 763 3 2528 2529 2530
565 510 85 1 2531
566 510 148 1 2532
567 510 886 1 2533
568 510 191 8 2534 2535 2536 2537 2538 2539 2540 2541
569 510 70 3 2542 2543 2544
570 510 763 3 2545 2546 2547
571 718 85 1 2548
572 718 148 3 2549 2550 2551
573 718 260 1 2552
574 718 191 10 2553 2554 2555 2556 2557 2558 2559 2560 2561 2562
575 718 70 8 2563 2564 2565 2566 2567 2568 2569 2570
576 718 97 1 2571
577 718 265 5 2572 2573 2574 2575 2576
578 718 69 5 2577 2578 2579 2580 2581
579 718 186 3 2582 2583 2584
580 573 85 2 2585 2586
581 573 260 3 2587 2588 2589
582 573 191 12 2590 2591 2592 2593 2594 2595 2596 2597 2598 2599 2600 2601
583 514 85 1 2602
584 514 260 10 2603 2604 2605 2606 2607 2608 2609 2610 2611 2612
585 514 191 9 2613 2614 2615 2616 2617 2618 2619 2620 2621
586 514 70 1 2622
587 514 265 8 2623 2624 2625 2626 2627 2628 2629 2630
588 514 69 1 2631
589 514 186 1 2632
590 293 260 1 2633
591 513 260 5 2634 2635 2636 2637 2638
592 513 191 3 2639 2640 2641
593 510 85 1 2642
594 510 148 1 2643
595 510 191 6 2644 2645 2646 2647 2648 2649
596 510 70 3 2650 2651 2652
597 389 260 3 2653 2654 2655
598 389 265 1 2656
599 573 85 1 2657
600 573 260 3 2658 2659 2660
601 573 191 6 2661 2662 2663 2664 2665 2666
602 514 85 8 2667 2668 2669 2670 2671 2672 2673 2674
603 514 260 12 2675 2676 2677 2678 2679 2680 2681 2682 2683 2684 2685 2686
604 514 128 3 2687 2688 2689
605 514 191 10 2690 2691 2692 2693 2694 2695 2696 2697 2698 2699
606 514 265 5 2700 2701 2702 2703 2704
607 514 433 1 2705
608 514 70 1 2706
609 514 186 1 2707
610 293 260 6 2708 2709 2710 2711 2712 2713
611 293 128 3 2714 2715 2716
612 293 433 18 2717 2718 2719 2720 2721 2722 2723 2724 2725 2726 2727 2728 2729 2730 2731 2732 2733 2734
613 293 430 5 2735 2736 2737 2738 2739
614 517 211 3 2740 2741 2742
615 517 266 3 2743 2744 2745
616 517 265 1 2746
617 517 433 1 2747
618 517 430 5 2748 2749 2750 2751 2752
619 511 85 3 2753 2754 2755
620 511 260 7 2756 2757 2758 2759 2760 2761 2762
621 511 128 7 2763 2764 2765 2766 2767 2768 2769
622 511 191 3 2770 2771 2772
623 511 265 5 2773 2774 2775 2776 2777
624 511 433 3 2778 2779 2780
625 511 70 1 2781
626 511 186 1 2782
627 388 433 1 2783
628 388 430 5 2784 2785 2786 2787 2788
629 165 128 3 2789 2790 2791
630 165 433 7 2792 2793 2794 2795 2796 2797 2798
631 165 430 1 2799
632 513 260 10 2800 2801 2802 2803 2804 2805 2806 2807 2808 2809
633 513 191 1 2810
634 513 433 1 2811
635 389 85 1 2812
636 389 211 4 2813 2814 2815 2816
637 389 260 22 2817 2818 2819 2820 2821 2822 2823 2824 2825 2826 2827 2828 2829 2830 2831 2832 2833 2834 2835 2836 2837 2838
638 389 128 9 2839 2840 2841 2842 2843 2844 2845 2846 2847
639 389 191 1 2848
640 389 266 1 2849
641 389 265 13 2850 2851 2852 2853 2854 2855 2856 2857 2858 2859 2860 2861 2862
642 389 433 20 2863 2864 2865 2866 2867 2868 2869 2870 2871 2872 2873 2874 2875 2876 2877 2878 2879 2880 2881 2882
643 389 430 5 2883 2884 2885 2886 2887
644 233 322 3 2888 2889 2890
645 233 128 3 2891 2892 2893
646 233 433 10 2894 2895 2896 2897 2898 2899 2900 2901 2902 2903
647 233 430 7 2904 2905 2906 2907 2908 2909 2910
648 233 143 1 2911
649 233 18 1 2912
650 517 62 1 2913
651 517 211 1 2914
652 517 322 3 2915 2916 2917
653 517 143 3 2918 2919 2920
654 517 266 3 2921 2922 2923
655 517 430 6 2924 2925 2926 2927 2928 2929
656 511 62 1 2930
657 511 85 5 2931 2932 2933 2934 2935
658 511 211 3 2936 2937 2938
659 511 322 1 2939
660 511 143 5 2940 2941 2942 2943 2944
661 511 128 10 2945 2946 2947 2948 2949 2950 2951 2952 2953 2954
662 511 191 3 2955 2956 2957
663 511 266 1 2958
664 511 265 6 2959 2960 2961 2962 2963 2964
665 511 430 3 2965 2966 2967
666 511 18 3 2968 2969 2970
667 511 433 5 2971 2972 2973 2974 2975
668 511 70 1 2976
669 511 260 6 2977 2978 2979 2980 2981 2982
670 511 186 1 2983
671 511 69 1 2984
672 388 62 2 2985 2986
673 388 322 6 2987 2988 2989 2990 2991 2992
674 388 143 6 2993 2994 2995 2996 2997 2998
675 388 430 6 2999 3000 3001 3002 3003 3004
676 293 62 2 3005 3006
677 293 322 3 3007 3008 3009
678 293 143 10 3010 3011 3012 3013 3014 3015 3016 3017 3018 3019
679 293 128 6 3020 3021 3022 3023 3024 3025
680 293 430 6 3026 3027 3028 3029 3030 3031
681 293 18 3 3032 3033 3034
682 293 433 3 3035 3036 3037
683 389 62 2 3038 3039
684 389 211 3 3040 3041 3042
685 389 322 3 3043 3044 3045
686 389 143 9 3046 3047 3048 3049 3050 3051 3052 3053 3054
687 389 128 6 3055 3056 3057 3058 3059 3060
688 389 266 3 3061 3062 3063
689 389 265 1 3064
690 389 430 10 3065 3066 3067 3068 3069 3070 3071 3072 3073 3074
691 389 18 3 3075 3076 3077
692 389 433 6 3078 3079 3080 3081 3082 3083
693 389 260 1 3084
694 233 62 2 3085 3086
695 233 322 8 3087 3088 3089 3090 3091 3092 3093 3094
696 233 143 11 3095 3096 3097 3098 3099 3100 3101 3102 3103 3104 3105
697 233 128 2 3106 3107
698 233 430 6 3108 3109 3110 3111 3112 3113
699 233 18 3 3114 3115 3116
700 233 433 1 3117
701 165 62 1 3118
702 165 322 1 3119
703 165 143 5 3120 3121 3122 3123 3124
704 165 128 6 3125 3126 3127 3128 3129 3130
705 165 430 3 3131 3132 3133
706 165 18 3 3134 3135 3136
707 165 433 3 3137 3138 3139
708 381 470 1 3140
709 381 315 7 3141 3142 3143 3144 3145 3146 3147
710 381 730 3 3148 3149 3150
711 537 315 1 3151
712 730 111 5 3152 3153 3154 3155 3156
713 730 281 1 3157
714 730 854 6 3158 3159 3160 3161 3162 3163
715 730 116 9 3164 3165 3166 3167 3168 3169 3170 3171 3172
716 730 315 3 3173 3174 3175
717 730 730 3 3176 3177 3178
718 730 726 5 3179 3180 3181 3182 3183
719 610 315 1 3184
720 534 470 6 3185 3186 3187 3188 3189 3190
721 534 315 7 3191 3192 3193 3194 3195 3196 3197
722 534 730 1 3198
723 317 315 6 3199 3200 3201 3202 3203 3204
724 317 730 3 3205 3206 3207
725 535 111 11 3208 3209 3210 3211 3212 3213 3214 3215 3216 3217 3218
726 535 281 2 3219 3220
727 535 854 6 3221 3222 3223 3224 3225 3226
728 535 116 10 3227 3228 3229 3230 3231 3232 3233 3234 3235 3236
729 535 315 9 3237 3238 3239 3240 3241 3242 3243 3244 3245
730 535 730 5 3246 3247 3248 3249 3250
731 535 726 1 3251
732 433 111 3 3252 3253 3254
733 433 281 1 3255
734 433 116 3 3256 3257 3258
735 433 315 3 3259 3260 3261
736 908 111 3 3262 3263 3264
737 908 854 5 3265 3266 3267 3268 3269
738 908 116 3 3270 3271 3272
739 908 315 1 3273
740 908 730 1 3274
741 908 726 5 3275 3276 3277 3278 3279
742 586 470 3 3280 3281 3282
743 586 315 3 3283 3284 3285
744 506 111 1 3286
745 506 854 1 3287
746 506 315 9 3288 3289 3290 3291 3292 3293 3294 3295 3296
747 506 730 6 3297 3298 3299 3300 3301 3302
748 535 322 3 3303 3304 3305
749 535 216 8 3306 3307 3308 3309 3310 3311 3312 3313
750 535 611 1 3314
751 506 322 1 3315
752 506 216 8 3316 3317 3318 3319 3320 3321 3322 3323
753 506 611 3 3324 3325 3326
754 150 322 3 3327 3328 3329
755 150 216 6 3330 3331 3332 3333 3334 3335
756 150 611 5 3336 3337 3338 3339 3340
757 531 322 1 3341
758 531 216 3 3342 3343 3344
759 356 322 3 3345 3346 3347
760 356 216 7 3348 3349 3350 3351 3352 3353 3354
761 356 611 3 3355 3356 3357
762 262 322 1 3358
763 589 322 3 3359 3360 3361
764 589 216 3 3362 3363 3364
765 405 322 3 3365 3366 3367
766 433 322 3 3368 3369 3370
767 433 216 3 3371 3372 3373
768 317 322 1 3374
769 317 216 6 3375 3376 3377 3378 3379 3380
770 317 611 5 3381 3382 3383 3384 3385
771 231 322 3 3386 3387 3388
772 231 216 1 3389
773 231 611 3 3390 3391 3392
774 743 322 1 3393
775 743 216 3 3394 3395 3396
776 402 322 3 3397 3398 3399
777 402 216 3 3400 3401 3402
778 402 611 3 3403 3404 3405
779 382 322 3 3406 3407 3408
780 486 322 1 3409
781 748 62 2 3410 3411
782 748 322 3 3412 3413 3414
783 748 216 9 3415 3416 3417 3418 3419 3420 3421 3422 3423
784 784 62 1 3424
785 784 322 1 3425
786 784 216 5 3426 3427 3428 3429 3430
787 537 322 5 3431 3432 3433 3434 3435
788 537 216 3 3436 3437 3438
789 381 322 3 3439 3440 3441
790 381 216 3 3442 3443 3444
791 381 611 10 3445 3446 3447 3448 3449 3450 3451 3452 3453 3454
792 377 322 1 3455
793 443 322 3 3456 3457 3458
794 443 216 6 3459 3460 3461 3462 3463 3464
795 443 611 3 3465 3466 3467
796 373 322 3 3468 3469 3470
797 517 62 3 3471 3472 3473
798 517 322 5 3474 3475 3476 3477 3478
799 517 216 3 3479 3480 3481
800 517 143 1 3482
801 558 62 8 3483 3484 3485 3486 3487 3488 3489 3490
802 558 322 3 3491 3492 3493
803 558 216 7 3494 3495 3496 3497 3498 3499 3500
804 558 143 3 3501 3502 3503
805 238 62 6 3504 3505 3506 3507 3508 3509
806 238 322 7 3510 3511 3512 3513 3514 3515 3516
807 238 216 3 3517 3518 3519
808 238 143 6 3520 3521 3522 3523 3524 3525
809 610 322 5 3526 3527 3528 3529 3530
810 610 216 3 3531 3532 3533
811 534 322 3 3534 3535 3536
812 534 470 5 3537 3538 3539 3540 3541
813 534 216 1 3542
814 534 611 9 3543 3544 3545 3546 3547 3548 3549 3550 3551
815 497 62 10 3552 3553 3554 3555 3556 3557 3558 3559 3560 3561
816 497 322 8 3562 3563 3564 3565 3566 3567 3568 3569
817 497 216 3 3570 3571 3572
818 497 359 3 3573 3574 3575
819 497 143 10 3576 3577 3578 3579 3580 3581 3582 3583 3584 3585
820 497 371 6 3586 3587 3588 3589 3590 3591
821 497 510 3 3592 3593 3594
822 497 566 3 3595 3596 3597
823 450 62 5 3598 3599 3600 3601 3602
824 450 322 5 3603 3604 3605 3606 3607
825 450 632 3 3608 3609 3610
826 450 216 8 3611 3612 3613 3614 3615 3616 3617 3618
827 450 359 5 3619 3620 3621 3622 3623
828 450 143 3 3624 3625 3626
829 450 611 5 3627 3628 3629 3630 3631
830 450 750 3 3632 3633 3634
831 450 371 9 3635 3636 3637 3638 3639 3640 3641 3642 3643
832 450 676 3 3644 3645 3646
833 450 510 1 3647
834 450 566 1 3648
835 333 322 1 3649
836 388 62 3 3650 3651 3652
837 388 322 7 3653 3654 3655 3656 3657 3658 3659
838 388 216 1 3660
839 388 143 3 3661 3662 3663
840 434 322 1 3664
841 354 62 3 3665 3666 3667
842 354 322 8 3668 3669 3670 3671 3672 3673 3674 3675
843 354 216 1 3676
844 354 143 6 3677 3678 3679 3680 3681 3682
845 586 322 5 3683 3684 3685 3686 3687
846 586 470 3 3688 3689 3690
847 586 216 3 3691 3692 3693
848 586 611 6 3694 3695 3696 3697 3698 3699
849 500 62 1 3700
850 500 322 7 3701 3702 3703 3704 3705 3706 3707
851 500 632 5 3708 3709 3710 3711 3712
852 500 216 1 3713
853 500 359 1 3714
854 500 143 5 3715 3716 3717 3718 3719
855 500 611 1 3720
856 500 750 1 3721
857 500 371 8 3722 3723 3724 3725 3726 3727 3728 3729
858 500 676 1 3730
859 500 510 6 3731 3732 3733 3734 3735 3736
860 500 566 6 3737 3738 3739 3740 3741 3742
861 233 62 4 3743 3744 3745 3746
862 233 322 11 3747 3748 3749 3750 3751 3752 3753 3754 3755 3756 3757
863 233 216 1 3758
864 233 143 5 3759 3760 3761 3762 3763
865 997 186 1 3764
866 1003 148 1 3765
867 1003 211 3 3766 3767 3768
868 1003 308 3 3769 3770 3771
869 1003 97 5 3772 3773 3774 3775 3776
870 1003 132 1 3777
871 1003 265 3 3778 3779 3780
872 1003 391 1 3781
873 1003 217 5 3782 3783 3784 3785 3786
874 1003 207 1 3787
875 1003 69 3 3788 3789 3790
876 1003 186 10 3791 3792 3793 3794 3795 3796 3797 3798 3799 3800
877 921 308 1 3801
878 921 217 3 3802 3803 3804
879 921 186 3 3805 3806 3807
880 718 148 1 3808
881 718 97 3 3809 3810 3811
882 718 265 5 3812 3813 3814 3815 3816
883 718 69 3 3817 3818 3819
884 718 186 6 3820 3821 3822 3823 3824 3825
885 573 265 3 3826 3827 3828
886 573 69 1 3829
887 573 186 6 3830 3831 3832 3833 3834 3835
888 513 265 1 3836
889 513 69 1 3837
890 513 186 6 3838 3839 3840 3841 3842 3843
891 618 69 3 3844 3845 3846
892 618 186 5 3847 3848 3849 3850 3851
893 510 148 1 3852
894 510 97 3 3853 3854 3855
895 510 265 3 3856 3857 3858
896 510 69 5 3859 3860 3861 3862 3863
897 510 186 9 3864 3865 3866 3867 3868 3869 3870 3871 3872
898 836 148 1 3873
899 836 308 4 3874 3875 3876 3877
900 836 97 5 3878 3879 3880 3881 3882
901 836 391 1 3883
902 836 217 6 3884 3885 3886 3887 3888 3889
903 836 207 1 3890
904 836 69 3 3891 3892 3893
905 836 186 10 3894 3895 3896 3897 3898 3899 3900 3901 3902 3903
906 505 69 3 3904 3905 3906
907 505 186 11 3907 3908 3909 3910 3911 3912 3913 3914 3915 3916 3917
908 390 148 2 3918 3919
909 390 97 6 3920 3921 3922 3923 3924 3925
910 390 69 10 3926 3927 3928 3929 3930 3931 3932 3933 3934 3935
911 390 186 6 3936 3937 3938 3939 3940 3941
912 433 322 6 3942 3943 3944 3945 3946 3947
913 433 266 3 3948 3949 3950
914 433 216 5 3951 3952 3953 3954 3955
915 433 430 5 3956 3957 3958 3959 3960
916 433 611 1 3961
917 433 46 1 3962
918 433 111 1 3963
919 433 116 1 3964
920 262 322 3 3965 3966 3967
921 262 266 5 3968 3969 3970 3971 3972
922 262 430 11 3973 3974 3975 3976 3977 3978 3979 3980 3981 3982 3983
923 537 322 12 3984 3985 3986 3987 3988 3989 3990 3991 3992 3993 3994 3995
924 537 470 2 3996 3997
925 537 216 6 3998 3999 4000 4001 4002 4003
926 537 430 6 4004 4005 4006 4007 4008 4009
927 537 611 6 4010 4011 4012 4013 4014 4015
928 486 211 1 4016
929 486 322 1 4017
930 486 266 5 4018 4019 4020 4021 4022
931 486 430 3 4023 4024 4025
932 405 322 6 4026 4027 4028 4029 4030 4031
933 405 266 1 4032
934 405 430 8 4033 4034 4035 4036 4037 4038 4039 4040
935 610 322 8 4041 4042 4043 4044 4045 4046 4047 4048
936 610 470 3 4049 4050 4051
937 610 216 6 4052 4053 4054 4055 4056 4057
938 610 430 1 4058
939 610 611 10 4059 4060 4061 4062 4063 4064 4065 4066 4067 4068
940 517 211 4 4069 4070 4071 4072
941 517 322 1 4073
942 517 266 10 4074 4075 4076 4077 4078 4079 4080 4081 4082 4083
943 517 430 6 4084 4085 4086 4087 4088 4089
944 382 322 3 4090 4091 4092
945 382 266 1 4093
946 382 430 5 4094 4095 4096 4097 4098
947 388 211 3 4099 4100 4101
948 388 322 6 4102 4103 4104 4105 4106 4107
949 388 266 6 4108 4109 4110 4111 4112 4113
950 388 430 14 4114 4115 4116 4117 4118 4119 4120 4121 4122 4123 4124 4125 4126 4127
951 586 322 1 4128
952 586 470 3 4129 4130 4131
953 586 216 1 4132
954 586 611 6 4133 4134 4135 4136 4137 4138
955 373 211 1 4139
956 373 322 3 4140 4141 4142
957 373 266 4 4143 4144 4145 4146
958 373 430 8 4147 4148 4149 4150 4151 4152 4153 4154
959 233 322 3 4155 4156 4157
960 233 430 3 4158 4159 4160
961 558 62 3 4161 4162 4163
962 558 143 3 4164 4165 4166
963 238 62 3 4167 4168 4169
964 238 322 2 4170 4171
965 238 143 15 4172 4173 4174 4175 4176 4177 4178 4179 4180 4181 4182 4183 4184 4185 4186
966 238 510 6 4187 4188 4189 4190 4191 4192
967 497 62 3 4193 4194 4195
968 497 322 3 4196 4197 4198
969 497 359 1 4199
970 497 143 7 4200 4201 4202 4203 4204 4205 4206
971 497 510 13 4207 4208 4209 4210 4211 4212 4213 4214 4215 4216 4217 4218 4219
972 497 371 5 4220 4221 4222 4223 4224
973 497 566 3 4225 4226 4227
974 450 371 1 4228
975 354 62 3 4229 4230 4231
976 354 322 3 4232 4233 4234
977 354 143 18 4235 4236 4237 4238 4239 4240 4241 4242 4243 4244 4245 4246 4247 4248 4249 4250 4251 4252
978 354 510 5 4253 4254 4255 4256 4257
979 500 322 1 4258
980 500 632 1 4259
981 500 143 1 4260
982 500 510 6 4261 4262 4263 4264 4265 4266
983 500 371 6 4267 4268 4269 4270 4271 4272
984 500 566 6 4273 4274 4275 4276 4277 4278
985 233 62 1 4279
986 233 322 3 4280 4281 4282
987 233 143 5 4283 4284 4285 4286 4287
988 233 510 1 4288
989 231 611 1 4289
990 748 62 1 4290
991 748 111 1 4291
992 748 216 6 4292 4293 4294 4295 4296 4297
993 784 62 4 4298 4299 4300 4301
994 784 111 1 4302
995 784 216 10 4303 4304 4305 4306 4307 4308 4309 4310 4311 4312
996 558 62 3 4313 4314 4315
997 558 216 1 4316
998 402 216 1 4317
999 402 611 3 4318 4319 4320
1000 381 470 7 4321 4322 4323 4324 4325 4326 4327
1001 381 611 8 4328 4329 4330 4331 4332 4333 4334 4335
1002 150 216 1 4336
1003 150 611 7 4337 4338 4339 4340 4341 4342 4343
1004 589 111 1 4344
1005 589 216 3 4345 4346 4347
1006 356 216 3 4348 4349 4350
1007 356 611 6 4351 4352 4353 4354 4355 4356
1008 743 62 1 4357
1009 743 111 2 4358 4359
1010 743 216 15 4360 4361 4362 4363 4364 4365 4366 4367 4368 4369 4370 4371 4372 4373 4374
1011 743 611 1 4375
1012 238 62 3 4376 4377 4378
1013 238 216 1 4379
1014 443 62 5 4380 4381 4382 4383 4384
1015 443 216 9 4385 4386 4387 4388 4389 4390 4391 4392 4393
1016 443 359 1 4394
1017 443 611 6 4395 4396 4397 4398 4399 4400
1018 534 470 6 4401 4402 4403 4404 4405 4406
1019 534 611 1 4407
1020 317 470 7 4408 4409 4410 4411 4412 4413 4414
1021 317 216 1 4415
1022 317 315 2 4416 4417
1023 317 611 12 4418 4419 4420 4421 4422 4423 4424 4425 4426 4427 4428 4429
1024 535 111 1 4430
1025 535 216 3 4431 4432 4433
1026 531 111 1 4434
1027 531 216 7 4435 4436 4437 4438 4439 4440 4441
1028 531 611 3 4442 4443 4444
1029 497 62 6 4445 4446 4447 4448 4449 4450
1030 497 216 1 4451
1031 497 359 3 4452 4453 4454
1032 497 371 1 4455
1033 450 62 8 4456 4457 4458 4459 4460 4461 4462 4463
1034 450 632 5 4464 4465 4466 4467 4468
1035 450 216 6 4469 4470 4471 4472 4473 4474
1036 450 359 13 4475 4476 4477 4478 4479 4480 4481 4482 4483 4484 4485 4486 4487
1037 450 611 3 4488 4489 4490
1038 450 750 1 4491
1039 450 371 8 4492 4493 4494 4495 4496 4497 4498 4499
1040 450 676 2 4500 4501
1041 506 111 5 4502 4503 4504 4505 4506
1042 506 470 3 4507 4508 4509
1043 506 216 12 4510 4511 4512 4513 4514 4515 4516 4517 4518 4519 4520 4521
1044 506 315 3 4522 4523 4524
1045 506 611 8 4525 4526 4527 4528 4529 4530 4531 4532
1046 500 632 3 4533 4534 4535
1047 500 371 1 4536
1048 506 216 1 4537
1049 506 611 6 4538 4539 4540 4541 4542 4543
1050 535 322 5 4544 4545 4546 4547 4548
1051 535 216 10 4549 4550 4551 4552 4553 4554 4555 4556 4557 4558
1052 535 266 3 4559 4560 4561
1053 535 430 3 4562 4563 4564
1054 535 611 6 4565 4566 4567 4568 4569 4570
1055 405 322 3 4571 4572 4573
1056 433 322 9 4574 4575 4576 4577 4578 4579 4580 4581 4582
1057 433 216 12 4583 4584 4585 4586 4587 4588 4589 4590 4591 4592 4593 4594
1058 433 266 7 4595 4596 4597 4598 4599 4600 4601
1059 433 430 3 4602 4603 4604
1060 433 611 9 4605 4606 4607 4608 4609 4610 4611 4612 4613
1061 433 111 2 4614 4615
1062 433 46 2 4616 4617
1063 433 116 2 4618 4619
1064 317 611 3 4620 4621 4622
1065 262 322 5 4623 4624 4625 4626 4627
1066 262 266 3 4628 4629 4630
1067 262 430 3 4631 4632 4633
1068 589 211 1 4634
1069 589 322 9 4635 4636 4637 4638 4639 4640 4641 4642 4643
1070 589 216 3 4644 4645 4646
1071 589 266 5 4647 4648 4649 4650 4651
1072 589 430 7 4652 4653 4654 4655 4656 4657 4658
1073 382 322 1 4659
1074 537 322 5 4660 4661 4662 4663 4664
1075 537 470 3 4665 4666 4667
1076 537 216 6 4668 4669 4670 4671 4672 4673
1077 537 611 5 4674 4675 4676 4677 4678
1078 381 470 2 4679 4680
1079 381 611 3 4681 4682 4683
1080 486 211 2 4684 4685
1081 486 322 6 4686 4687 4688 4689 4690 4691
1082 486 266 10 4692 4693 4694 4695 4696 4697 4698 4699 4700 4701
1083 486 430 6 4702 4703 4704 4705 4706 4707
1084 748 62 3 4708 4709 4710
1085 748 211 1 4711
1086 748 322 10 4712 4713 4714 4715 4716 4717 4718 4719 4720 4721
1087 748 216 5 4722 4723 4724 4725 4726
1088 748 143 1 4727
1089 748 266 3 4728 4729 4730
1090 748 430 3 4731 4732 4733
1091 373 322 1 4734
1092 610 322 3 4735 4736 4737
1093 610 470 3 4738 4739 4740
1094 610 216 6 4741 4742 4743 4744 4745 4746
1095 610 611 5 4747 4748 4749 4750 4751
1096 534 470 3 4752 4753 4754
1097 534 611 1 4755
1098 517 62 4 4756 4757 4758 4759
1099 517 211 2 4760 4761
1100 517 322 17 4762 4763 4764 4765 4766 4767 4768 4769 4770 4771 4772 4773 4774 4775 4776 4777 4778
1101 517 216 1 4779
1102 517 143 5 4780 4781 4782 4783 4784
1103 517 266 6 4785 4786 4787 4788 4789 4790
1104 517 430 11 4791 4792 4793 4794 4795 4796 4797 4798 4799 4800 4801
1105 388 62 2 4802 4803
1106 388 322 12 4804 4805 4806 4807 4808 4809 4810 4811 4812 4813 4814 4815
1107 388 143 7 4816 4817 4818 4819 4820 4821 4822
1108 388 430 3 4823 4824 4825
1109 586 322 1 4826
1110 586 470 6 4827 4828 4829 4830 4831 4832
1111 586 216 2 4833 4834
1112 586 611 6 4835 4836 4837 4838 4839 4840
1113 233 62 1 4841
1114 233 322 6 4842 4843 4844 4845 4846 4847
1115 233 143 3 4848 4849 4850
1116 233 430 1 4851
1117 511 85 3 4852 4853 4854
1118 511 128 9 4855 4856 4857 4858 4859 4860 4861 4862 4863
1119 660 85 1 4864
1120 660 128 3 4865 4866 4867
1121 389 85 5 4868 4869 4870 4871 4872
1122 389 260 3 4873 4874 4875
1123 389 128 12 4876 4877 4878 4879 4880 4881 4882 4883 4884 4885 4886 4887
1124 389 191 3 4888 4889 4890
1125 389 433 1 4891
1126 514 85 8 4892 4893 4894 4895 4896 4897 4898 4899
1127 514 260 1 4900
1128 514 128 3 4901 4902 4903
1129 514 191 3 4904 4905 4906
1130 525 419 3 4907 4908 4909
1131 525 128 3 4910 4911 4912
1132 499 419 1 4913
1133 479 419 3 4914 4915 4916
1134 293 85 3 4917 4918 4919
1135 293 260 3 4920 4921 4922
1136 293 419 3 4923 4924 4925
1137 293 128 14 4926 4927 4928 4929 4930 4931 4932 4933 4934 4935 4936 4937 4938 4939
1138 293 191 1 4940
1139 293 433 8 4941 4942 4943 4944 4945 4946 4947 4948
1140 573 85 3 4949 4950 4951
1141 573 191 6 4952 4953 4954 4955 4956 4957
1142 165 419 17 4958 4959 4960 4961 4962 4963 4964 4965 4966 4967 4968 4969 4970 4971 4972 4973 4974
1143 165 128 15 4975 4976 4977 4978 4979 4980 4981 4982 4983 4984 4985 4986 4987 4988 4989
1144 165 433 3 4990 4991 4992
1145 165 255 3 4993 4994 4995
1146 165 18 1 4996
1147 165 506 1 4997
1148 563 419 3 4998 4999 5000
1149 513 85 3 5001 5002 5003
1150 513 260 7 5004 5005 5006 5007 5008 5009 5010
1151 513 419 1 5011
1152 513 128 3 5012 5013 5014
1153 513 191 5 5015 5016 5017 5018 5019
1154 513 433 5 5020 5021 5022 5023 5024
1155 233 322 3 5025 5026 5027
1156 233 419 1 5028
1157 233 128 4 5029 5030 5031 5032
1158 233 433 3 5033 5034 5035
1159 233 430 1 5036
1160 233 143 3 5037 5038 5039
1161 233 255 3 5040 5041 5042
1162 233 18 6 5043 5044 5045 5046 5047 5048
1163 233 510 1 5049
1164 233 506 3 5050 5051 5052
1165 997 856 3 5053 5054 5055
1166 997 716 6 5056 5057 5058 5059 5060 5061
1167 997 69 5 5062 5063 5064 5065 5066
1168 997 186 3 5067 5068 5069
1169 815 148 1 5070
1170 815 308 3 5071 5072 5073
1171 815 97 7 5074 5075 5076 5077 5078 5079 5080
1172 815 391 1 5081
1173 815 217 3 5082 5083 5084
1174 815 207 1 5085
1175 815 69 7 5086 5087 5088 5089 5090 5091 5092
1176 815 186 3 5093 5094 5095
1177 921 308 2 5096 5097
1178 921 856 3 5098 5099 5100
1179 921 902 3 5101 5102 5103
1180 921 217 6 5104 5105 5106 5107 5108 5109
1181 921 716 9 5110 5111 5112 5113 5114 5115 5116 5117 5118
1182 921 69 9 5119 5120 5121 5122 5123 5124 5125 5126 5127
1183 921 186 10 5128 5129 5130 5131 5132 5133 5134 5135 5136 5137
1184 618 856 3 5138 5139 5140
1185 618 716 7 5141 5142 5143 5144 5145 5146 5147
1186 618 69 14 5148 5149 5150 5151 5152 5153 5154 5155 5156 5157 5158 5159 5160 5161
1187 618 186 5 5162 5163 5164 5165 5166
1188 836 148 2 5167 5168
1189 836 308 3 5169 5170 5171
1190 836 97 9 5172 5173 5174 5175 5176 5177 5178 5179 5180
1191 836 391 1 5181
1192 836 217 3 5182 5183 5184
1193 836 207 1 5185
1194 836 69 10 5186 5187 5188 5189 5190 5191 5192 5193 5194 5195
1195 836 186 5 5196 5197 5198 5199 5200
1196 890 308 2 5201 5202
1197 890 902 3 5203 5204 5205
1198 890 217 6 5206 5207 5208 5209 5210 5211
1199 890 716 6 5212 5213 5214 5215 5216 5217
1200 890 69 11 5218 5219 5220 5221 5222 5223 5224 5225 5226 5227 5228
1201 890 186 6 5229 5230 5231 5232 5233 5234
1202 505 856 3 5235 5236 5237
1203 505 716 7 5238 5239 5240 5241 5242 5243 5244
1204 505 69 6 5245 5246 5247 5248 5249 5250
1205 505 186 5 5251 5252 5253 5254 5255
1206 390 148 1 5256
1207 390 97 3 5257 5258 5259
1208 390 69 5 5260 5261 5262 5263 5264
1209 390 186 1 5265
1210 511 18 3 5266 5267 5268
1211 511 62 1 5269
1212 511 85 2 5270 5271
1213 511 128 7 5272 5273 5274 5275 5276 5277 5278
1214 511 143 3 5279 5280 5281
1215 389 18 3 5282 5283 5284
1216 389 62 1 5285
1217 389 128 3 5286 5287 5288
1218 389 143 3 5289 5290 5291
1219 660 18 5 5292 5293 5294 5295 5296
1220 660 62 1 5297
1221 660 85 2 5298 5299
1222 660 128 6 5300 5301 5302 5303 5304 5305
1223 660 143 3 5306 5307 5308
1224 293 18 3 5309 5310 5311
1225 293 62 1 5312
1226 293 128 3 5313 5314 5315
1227 293 143 3 5316 5317 5318
1228 525 18 6 5319 5320 5321 5322 5323 5324
1229 525 62 1 5325
1230 525 128 1 5326
1231 525 143 3 5327 5328 5329
1232 233 18 4 5330 5331 5332 5333
1233 233 62 1 5334
1234 233 322 1 5335
1235 233 143 7 5336 5337 5338 5339 5340 5341 5342
1236 165 18 14 5343 5344 5345 5346 5347 5348 5349 5350 5351 5352 5353 5354 5355 5356
1237 165 62 3 5357 5358 5359
1238 165 128 4 5360 5361 5362 5363
1239 165 143 11 5364 5365 5366 5367 5368 5369 5370 5371 5372 5373 5374
1240 238 506 3 5375 5376 5377
1241 238 510 6 5378 5379 5380 5381 5382 5383
1242 617 18 6 5384 5385 5386 5387 5388 5389
1243 617 62 1 5390
1244 617 506 3 5391 5392 5393
1245 617 143 3 5394 5395 5396
1246 617 255 6 5397 5398 5399 5400 5401 5402
1247 497 506 3 5403 5404 5405
1248 497 510 6 5406 5407 5408 5409 5410 5411
1249 354 18 3 5412 5413 5414
1250 354 62 2 5415 5416
1251 354 506 9 5417 5418 5419 5420 5421 5422 5423 5424 5425
1252 354 143 9 5426 5427 5428 5429 5430 5431 5432 5433 5434
1253 354 255 3 5435 5436 5437
1254 354 510 10 5438 5439 5440 5441 5442 5443 5444 5445 5446 5447
1255 525 18 6 5448 5449 5450 5451 5452 5453
1256 525 62 1 5454
1257 525 506 1 5455
1258 525 143 3 5456 5457 5458
1259 525 255 3 5459 5460 5461
1260 500 506 1 5462
1261 500 510 2 5463 5464
1262 233 18 5 5465 5466 5467 5468 5469
1263 233 62 2 5470 5471
1264 233 322 1 5472
1265 233 506 3 5473 5474 5475
1266 233 143 16 5476 5477 5478 5479 5480 5481 5482 5483 5484 5485 5486 5487 5488 5489 5490 5491
1267 233 255 3 5492 5493 5494
1268 233 510 3 5495 5496 5497
1269 165 18 6 5498 5499 5500 5501 5502 5503
1270 165 62 1 5504
1271 165 506 1 5505
1272 165 143 3 5506 5507 5508
1273 165 255 3 5509 5510 5511
1274 262 266 1 5512
1275 537 470 1 5513
1276 381 470 9 5514 5515 5516 5517 5518 5519 5520 5521 5522
1277 381 611 1 5523
1278 433 111 5 5524 5525 5526 5527 5528
1279 433 470 5 5529 5530 5531 5532 5533
1280 433 216 3 5534 5535 5536
1281 433 116 3 5537 5538 5539
1282 433 315 1 5540
1283 433 266 3 5541 5542 5543
1284 433 611 3 5544 5545 5546
1285 433 46 3 5547 5548 5549
1286 589 111 5 5550 5551 5552 5553 5554
1287 589 211 2 5555 5556
1288 589 216 7 5557 5558 5559 5560 5561 5562 5563
1289 589 116 3 5564 5565 5566
1290 589 266 15 5567 5568 5569 5570 5571 5572 5573 5574 5575 5576 5577 5578 5579 5580 5581
1291 589 322 3 5582 5583 5584
1292 589 46 3 5585 5586 5587
1293 589 430 3 5588 5589 5590
1294 486 211 1 5591
1295 486 266 3 5592 5593 5594
1296 748 62 3 5595 5596 5597
1297 748 111 3 5598 5599 5600
1298 748 211 1 5601
1299 748 216 11 5602 5603 5604 5605 5606 5607 5608 5609 5610 5611 5612
1300 748 143 1 5613
1301 748 116 1 5614
1302 748 266 6 5615 5616 5617 5618 5619 5620
1303 748 322 5 5621 5622 5623 5624 5625
1304 748 46 1 5626
1305 748 430 3 5627 5628 5629
1306 610 470 1 5630
1307 534 470 3 5631 5632 5633
1308 317 470 9 5634 5635 5636 5637 5638 5639 5640 5641 5642
1309 317 315 3 5643 5644 5645
1310 317 611 3 5646 5647 5648
1311 535 111 14 5649 5650 5651 5652 5653 5654 5655 5656 5657 5658 5659 5660 5661 5662
1312 535 470 5 5663 5664 5665 5666 5667
1313 535 216 10 5668 5669 5670 5671 5672 5673 5674 5675 5676 5677
1314 535 116 4 5678 5679 5680 5681
1315 535 315 3 5682 5683 5684
1316 535 266 6 5685 5686 5687 5688 5689 5690
1317 535 611 3 5691 5692 5693
1318 535 322 1 5694
1319 535 46 4 5695 5696 5697 5698
1320 535 430 1 5699
1321 586 470 3 5700 5701 5702
1322 506 111 3 5703 5704 5705
1323 506 470 8 5706 5707 5708 5709 5710 5711 5712 5713
1324 506 216 3 5714 5715 5716
1325 506 315 7 5717 5718 5719 5720 5721 5722 5723
1326 506 611 6 5724 5725 5726 5727 5728 5729
1327 511 85 1 5730
1328 511 128 3 5731 5732 5733
1329 389 128 1 5734
1330 660 18 1 5735
1331 660 85 2 5736 5737
1332 660 128 9 5738 5739 5740 5741 5742 5743 5744 5745 5746
1333 293 128 1 5747
1334 525 18 11 5748 5749 5750 5751 5752 5753 5754 5755 5756 5757 5758
1335 525 419 11 5759 5760 5761 5762 5763 5764 5765 5766 5767 5768 5769
1336 525 128 8 5770 5771 5772 5773 5774 5775 5776 5777
1337 525 255 6 5778 5779 5780 5781 5782 5783
1338 479 419 1 5784
1339 499 18 1 5785
1340 499 419 5 5786 5787 5788 5789 5790
1341 499 255 3 5791 5792 5793
1342 165 18 9 5794 5795 5796 5797 5798 5799 5800 5801 5802
1343 165 419 5 5803 5804 5805 5806 5807
1344 165 128 8 5808 5809 5810 5811 5812 5813 5814 5815
1345 165 255 7 5816 5817 5818 5819 5820 5821 5822
1346 165 506 1 5823
1347 563 419 3 5824 5825 5826
1348 233 18 8 5827 5828 5829 5830 5831 5832 5833 5834
1349 233 322 1 5835
1350 233 143 6 5836 5837 5838 5839 5840 5841
1351 233 255 3 5842 5843 5844
1352 233 510 1 5845
1353 233 506 3 5846 5847 5848
1354 238 506 6 5849 5850 5851 5852 5853 5854
1355 238 510 3 5855 5856 5857
1356 617 18 1 5858
1357 617 506 3 5859 5860 5861
1358 617 255 3 5862 5863 5864
1359 525 18 5 5865 5866 5867 5868 5869
1360 525 419 1 5870
1361 525 506 6 5871 5872 5873 5874 5875 5876
1362 525 255 20 5877 5878 5879 5880 5881 5882 5883 5884 5885 5886 5887 5888 5889 5890 5891 5892 5893 5894 5895 5896
1363 479 419 5 5897 5898 5899 5900 5901
1364 479 506 3 5902 5903 5904
1365 479 255 3 5905 5906 5907
1366 497 506 6 5908 5909 5910 5911 5912 5913
1367 497 510 3 5914 5915 5916
1368 499 18 1 5917
1369 499 419 3 5918 5919 5920
1370 499 506 1 5921
1371 499 255 7 5922 5923 5924 5925 5926 5927 5928
1372 354 506 9 5929 5930 5931 5932 5933 5934 5935 5936 5937
1373 354 510 3 5938 5939 5940
1374 165 18 3 5941 5942 5943
1375 165 419 3 5944 5945 5946
1376 165 506 12 5947 5948 5949 5950 5951 5952 5953 5954 5955 5956 5957 5958
1377 165 255 11 5959 5960 5961 5962 5963 5964 5965 5966 5967 5968 5969
1378 563 419 5 5970 5971 5972 5973 5974
1379 563 506 1 5975
1380 563 255 3 5976 5977 5978
1381 500 506 2 5979 5980
1382 500 510 1 5981
1383 233 18 3 5982 5983 5984
1384 233 322 1 5985
1385 233 506 11 5986 5987 5988 5989 5990 5991 5992 5993 5994 5995 5996
1386 233 143 3 5997 5998 5999
1387 233 255 3 6000 6001 6002
1388 233 510 6 6003 6004 6005 6006 6007 6008
1389 486 211 9 6009 6010 6011 6012 6013 6014 6015 6016 6017
1390 486 281 2 6018 6019
1391 486 132 10 6020 6021 6022 6023 6024 6025 6026 6027 6028 6029
1392 486 325 7 6030 6031 6032 6033 6034 6035 6036
1393 486 67 6 6037 6038 6039 6040 6041 6042
1394 517 211 3 6043 6044 6045
1395 977 211 1 6046
1396 977 281 1 6047
1397 977 308 3 6048 6049 6050
1398 977 132 9 6051 6052 6053 6054 6055 6056 6057 6058 6059
1399 977 325 5 6060 6061 6062 6063 6064
1400 977 361 1 6065
1401 977 217 3 6066 6067 6068
1402 977 67 3 6069 6070 6071
1403 262 211 3 6072 6073 6074
1404 262 281 2 6075 6076
1405 262 132 12 6077 6078 6079 6080 6081 6082 6083 6084 6085 6086 6087 6088
1406 262 325 6 6089 6090 6091 6092 6093 6094
1407 262 46 1 6095
1408 262 67 12 6096 6097 6098 6099 6100 6101 6102 6103 6104 6105 6106 6107
1409 388 211 3 6108 6109 6110
1410 382 211 3 6111 6112 6113
1411 382 266 3 6114 6115 6116
1412 756 281 1 6117
1413 756 308 3 6118 6119 6120
1414 756 132 7 6121 6122 6123 6124 6125 6126 6127
1415 756 325 5 6128 6129 6130 6131 6132
1416 756 361 1 6133
1417 756 217 3 6134 6135 6136
1418 756 67 3 6137 6138 6139
1419 405 211 6 6140 6141 6142 6143 6144 6145
1420 405 680 1 6146
1421 405 266 3 6147 6148 6149
1422 405 132 6 6150 6151 6152 6153 6154 6155
1423 405 46 7 6156 6157 6158 6159 6160 6161 6162
1424 405 67 5 6163 6164 6165 6166 6167
1425 373 211 5 6168 6169 6170 6171 6172
1426 373 266 1 6173
1427 622 706 3 6174 6175 6176
1428 622 886 6 6177 6178 6179 6180 6181 6182
1429 622 1008 3 6183 6184 6185
1430 622 763 1 6186
1431 510 886 3 6187 6188 6189
1432 510 763 1 6190
1433 1004 1008 1 6191
1434 836 1008 1 6192
1435 997 856 6 6193 6194 6195 6196 6197 6198
1436 997 902 1 6199
1437 997 1008 6 6200 6201 6202 6203 6204 6205
1438 390 706 3 6206 6207 6208
1439 390 886 5 6209 6210 6211 6212 6213
1440 390 1008 3 6214 6215 6216
1441 390 763 8 6217 6218 6219 6220 6221 6222 6223 6224
1442 720 886 3 6225 6226 6227
1443 815 1008 1 6228
1444 921 856 4 6229 6230 6231 6232
1445 921 902 3 6233 6234 6235
1446 921 1008 3 6236 6237 6238
1447 618 706 6 6239 6240 6241 6242 6243 6244
1448 618 856 3 6245 6246 6247
1449 618 886 3 6248 6249 6250
1450 618 1008 14 6251 6252 6253 6254 6255 6256 6257 6258 6259 6260 6261 6262 6263 6264
1451 618 763 6 6265 6266 6267 6268 6269 6270
1452 894 886 1 6271
1453 890 856 1 6272
1454 890 902 3 6273 6274 6275
1455 890 1008 3 6276 6277 6278
1456 505 706 6 6279 6280 6281 6282 6283 6284
1457 505 856 3 6285 6286 6287
1458 505 886 1 6288
1459 505 1008 9 6289 6290 6291 6292 6293 6294 6295 6296 6297
1460 505 763 4 6298 6299 6300 6301
1461 441 706 2 6302 6303
1462 441 886 1 6304
1463 441 1008 2 6305 6306
1464 441 763 1 6307
1465 718 148 2 6308 6309
1466 718 97 6 6310 6311 6312 6313 6314 6315
1467 718 265 12 6316 6317 6318 6319 6320 6321 6322 6323 6324 6325 6326 6327
1468 718 69 6 6328 6329 6330 6331 6332 6333
1469 718 186 6 6334 6335 6336 6337 6338 6339
1470 573 265 10 6340 6341 6342 6343 6344 6345 6346 6347 6348 6349
1471 573 69 3 6350 6351 6352
1472 573 186 6 6353 6354 6355 6356 6357 6358
1473 513 265 9 6359 6360 6361 6362 6363 6364 6365 6366 6367
1474 513 69 3 6368 6369 6370
1475 513 186 6 6371 6372 6373 6374 6375 6376
1476 618 69 1 6377
1477 510 148 2 6378 6379
1478 510 97 6 6380 6381 6382 6383 6384 6385
1479 510 265 6 6386 6387 6388 6389 6390 6391
1480 510 69 9 6392 6393 6394 6395 6396 6397 6398 6399 6400
1481 510 186 6 6401 6402 6403 6404 6405 6406
1482 514 265 9 6407 6408 6409 6410 6411 6412 6413 6414 6415
1483 293 265 6 6416 6417 6418 6419 6420 6421
1484 517 211 2 6422 6423
1485 517 265 3 6424 6425 6426
1486 388 265 8 6427 6428 6429 6430 6431 6432 6433 6434
1487 505 265 3 6435 6436 6437
1488 505 69 3 6438 6439 6440
1489 505 186 6 6441 6442 6443 6444 6445 6446
1490 390 148 1 6447
1491 390 97 3 6448 6449 6450
1492 390 69 3 6451 6452 6453
1493 389 265 9 6454 6455 6456 6457 6458 6459 6460 6461 6462
1494 373 265 1 6463
1495 815 148 1 6464
1496 815 902 2 6465 6466
1497 815 97 5 6467 6468 6469 6470 6471
1498 815 716 2 6472 6473
1499 815 69 5 6474 6475 6476 6477 6478
1500 720 148 6 6479 6480 6481 6482 6483 6484
1501 720 352 1 6485
1502 720 886 1 6486
1503 720 70 7 6487 6488 6489 6490 6491 6492 6493
1504 720 763 6 6494 6495 6496 6497 6498 6499
1505 720 706 7 6500 6501 6502 6503 6504 6505 6506
1506 720 191 1 6507
1507 1004 148 11 6508 6509 6510 6511 6512 6513 6514 6515 6516 6517 6518
1508 1004 352 1 6519
1509 1004 902 3 6520 6521 6522
1510 1004 70 3 6523 6524 6525
1511 1004 97 7 6526 6527 6528 6529 6530 6531 6532
1512 1004 856 2 6533 6534
1513 1004 716 2 6535 6536
1514 1004 706 3 6537 6538 6539
1515 1004 69 3 6540 6541 6542
1516 1004 1008 4 6543 6544 6545 6546
1517 894 148 3 6547 6548 6549
1518 894 352 1 6550
1519 894 886 3 6551 6552 6553
1520 894 70 1 6554
1521 894 763 3 6555 6556 6557
1522 894 706 3 6558 6559 6560
1523 890 902 4 6561 6562 6563 6564
1524 890 716 2 6565 6566
1525 890 69 2 6567 6568
1526 622 148 6 6569 6570 6571 6572 6573 6574
1527 622 352 1 6575
1528 622 886 1 6576
1529 622 70 3 6577 6578 6579
1530 622 763 1 6580
1531 622 706 7 6581 6582 6583 6584 6585 6586 6587
1532 622 1008 1 6588
1533 718 265 1 6589
1534 921 308 2 6590 6591
1535 921 265 1 6592
1536 921 217 6 6593 6594 6595 6596 6597 6598
1537 921 186 9 6599 6600 6601 6602 6603 6604 6605 6606 6607
1538 836 308 1 6608
1539 836 265 3 6609 6610 6611
1540 836 217 3 6612 6613 6614
1541 836 186 5 6615 6616 6617 6618 6619
1542 510 265 1 6620
1543 514 265 1 6621
1544 389 265 1 6622
1545 1003 308 1 6623
1546 1003 265 3 6624 6625 6626
1547 1003 217 3 6627 6628 6629
1548 1003 186 3 6630 6631 6632
1549 486 211 6 6633 6634 6635 6636 6637 6638
1550 486 265 3 6639 6640 6641
1551 831 211 6 6642 6643 6644 6645 6646 6647
1552 831 265 3 6648 6649 6650
1553 831 217 3 6651 6652 6653
1554 831 186 1 6654
1555 900 308 2 6655 6656
1556 900 265 1 6657
1557 900 217 10 6658 6659 6660 6661 6662 6663 6664 6665 6666 6667
1558 900 186 7 6668 6669 6670 6671 6672 6673 6674
1559 943 265 1 6675
1560 943 186 3 6676 6677 6678
1561 997 265 1 6679
1562 997 186 5 6680 6681 6682 6683 6684
1563 390 265 3 6685 6686 6687
1564 390 186 1 6688
1565 493 856 3 6689 6690 6691
1566 493 265 3 6692 6693 6694
1567 493 186 7 6695 6696 6697 6698 6699 6700 6701
1568 573 265 1 6702
1569 293 265 3 6703 6704 6705
1570 517 211 3 6706 6707 6708
1571 517 265 3 6709 6710 6711
1572 319 265 3 6712 6713 6714
1573 405 211 3 6715 6716 6717
1574 405 265 1 6718
1575 501 211 3 6719 6720 6721
1576 501 265 3 6722 6723 6724
1577 977 211 6 6725 6726 6727 6728 6729 6730
1578 977 308 2 6731 6732
1579 977 132 3 6733 6734 6735
1580 977 265 6 6736 6737 6738 6739 6740 6741
1581 977 217 9 6742 6743 6744 6745 6746 6747 6748 6749 6750
1582 977 186 3 6751 6752 6753
1583 262 211 3 6754 6755 6756
1584 262 265 1 6757
1585 796 211 3 6758 6759 6760
1586 796 308 1 6761
1587 796 132 3 6762 6763 6764
1588 796 265 3 6765 6766 6767
1589 796 217 8 6768 6769 6770 6771 6772 6773 6774 6775
1590 796 186 3 6776 6777 6778
1591 797 211 7 6779 6780 6781 6782 6783 6784 6785
1592 797 265 3 6786 6787 6788
1593 797 217 3 6789 6790 6791
1594 797 186 1 6792
1595 452 856 3 6793 6794 6795
1596 452 265 5 6796 6797 6798 6799 6800
1597 452 716 1 6801
1598 452 186 3 6802 6803 6804
1599 762 265 1 6805
1600 762 217 3 6806 6807 6808
1601 762 186 5 6809 6810 6811 6812 6813
1602 618 265 3 6814 6815 6816
1603 618 186 5 6817 6818 6819 6820 6821
1604 460 856 3 6822 6823 6824
1605 460 265 3 6825 6826 6827
1606 460 716 3 6828 6829 6830
1607 460 186 3 6831 6832 6833
1608 513 265 3 6834 6835 6836
1609 388 211 3 6837 6838 6839
1610 388 265 6 6840 6841 6842 6843 6844 6845
1611 318 265 3 6846 6847 6848
1612 382 211 3 6849 6850 6851
1613 382 265 3 6852 6853 6854
1614 756 211 7 6855 6856 6857 6858 6859 6860 6861
1615 756 308 1 6862
1616 756 132 3 6863 6864 6865
1617 756 265 3 6866 6867 6868
1618 756 217 5 6869 6870 6871 6872 6873
1619 756 186 1 6874
1620 657 211 3 6875 6876 6877
1621 657 856 1 6878
1622 657 132 1 6879
1623 657 265 5 6880 6881 6882 6883 6884
1624 657 217 5 6885 6886 6887 6888 6889
1625 657 186 9 6890 6891 6892 6893 6894 6895 6896 6897 6898
1626 505 856 3 6899 6900 6901
1627 505 265 6 6902 6903 6904 6905 6906 6907
1628 505 716 3 6908 6909 6910
1629 505 186 6 6911 6912 6913 6914 6915 6916
1630 373 211 3 6917 6918 6919
1631 373 265 5 6920 6921 6922 6923 6924
1632 796 308 1 6925
1633 796 864 3 6926 6927 6928
1634 796 217 3 6929 6930 6931
1635 796 67 8 6932 6933 6934 6935 6936 6937 6938 6939
1636 796 132 3 6940 6941 6942
1637 873 281 1 6943
1638 873 308 3 6944 6945 6946
1639 873 325 6 6947 6948 6949 6950 6951 6952
1640 873 361 1 6953
1641 873 217 3 6954 6955 6956
1642 873 67 7 6957 6958 6959 6960 6961 6962 6963
1643 873 132 3 6964 6965 6966
1644 831 864 3 6967 6968 6969
1645 831 67 3 6970 6971 6972
1646 262 281 1 6973
1647 262 325 3 6974 6975 6976
1648 262 46 1 6977
1649 262 67 12 6978 6979 6980 6981 6982 6983 6984 6985 6986 6987 6988 6989
1650 262 132 3 6990 6991 6992
1651 942 308 2 6993 6994
1652 942 864 3 6995 6996 6997
1653 942 217 6 6998 6999 7000 7001 7002 7003
1654 942 67 11 7004 7005 7006 7007 7008 7009 7010 7011 7012 7013 7014
1655 942 132 6 7015 7016 7017 7018 7019 7020
1656 756 281 2 7021 7022
1657 756 308 5 7023 7024 7025 7026 7027
1658 756 325 10 7028 7029 7030 7031 7032 7033 7034 7035 7036 7037
1659 756 361 1 7038
1660 756 217 5 7039 7040 7041 7042 7043
1661 756 67 15 7044 7045 7046 7047 7048 7049 7050 7051 7052 7053 7054 7055 7056 7057 7058
1662 756 132 7 7059 7060 7061 7062 7063 7064 7065
1663 405 680 3 7066 7067 7068
1664 405 864 3 7069 7070 7071
1665 405 46 6 7072 7073 7074 7075 7076 7077
1666 405 1002 1 7078
1667 405 67 14 7079 7080 7081 7082 7083 7084 7085 7086 7087 7088 7089 7090 7091 7092
1668 405 132 1 7093
1669 921 308 1 7094
1670 921 217 3 7095 7096 7097
1671 921 186 3 7098 7099 7100
1672 836 308 2 7101 7102
1673 836 217 6 7103 7104 7105 7106 7107 7108
1674 836 186 9 7109 7110 7111 7112 7113 7114 7115 7116 7117
1675 510 265 8 7118 7119 7120 7121 7122 7123 7124 7125
1676 510 186 3 7126 7127 7128
1677 1003 211 3 7129 7130 7131
1678 1003 308 2 7132 7133
1679 1003 132 1 7134
1680 1003 265 7 7135 7136 7137 7138 7139 7140 7141
1681 1003 217 8 7142 7143 7144 7145 7146 7147 7148 7149
1682 1003 186 10 7150 7151 7152 7153 7154 7155 7156 7157 7158 7159
1683 997 186 1 7160
1684 390 265 3 7161 7162 7163
1685 390 186 5 7164 7165 7166 7167 7168
1686 718 265 12 7169 7170 7171 7172 7173 7174 7175 7176 7177 7178 7179 7180
1687 718 186 1 7181
1688 573 265 9 7182 7183 7184 7185 7186 7187 7188 7189 7190
1689 573 186 1 7191
1690 486 211 3 7192 7193 7194
1691 486 265 1 7195
1692 977 211 6 7196 7197 7198 7199 7200 7201
1693 977 308 1 7202
1694 977 132 3 7203 7204 7205
1695 977 265 3 7206 7207 7208
1696 977 217 5 7209 7210 7211 7212 7213
1697 977 186 1 7214
1698 618 265 1 7215
1699 618 186 5 7216 7217 7218 7219 7220
1700 513 265 7 7221 7222 7223 7224 7225 7226 7227
1701 513 186 1 7228
1702 514 265 5 7229 7230 7231 7232 7233
1703 293 265 3 7234 7235 7236
1704 517 211 8 7237 7238 7239 7240 7241 7242 7243 7244
1705 517 265 6 7245 7246 7247 7248 7249 7250
1706 388 211 6 7251 7252 7253 7254 7255 7256
1707 388 265 5 7257 7258 7259 7260 7261
1708 505 856 1 7262
1709 505 265 5 7263 7264 7265 7266 7267
1710 505 186 6 7268 7269 7270 7271 7272 7273
1711 389 211 1 7274
1712 389 265 5 7275 7276 7277 7278 7279
1713 373 211 2 7280 7281
1714 373 265 1 7282
1715 900 132 1 7283
1716 900 308 1 7284
1717 900 217 5 7285 7286 7287 7288 7289
1718 486 132 1 7290
1719 486 211 5 7291 7292 7293 7294 7295
1720 517 211 1 7296
1721 319 211 1 7297
1722 501 132 1 7298
1723 501 211 10 7299 7300 7301 7302 7303 7304 7305 7306 7307 7308
1724 977 132 6 7309 7310 7311 7312 7313 7314
1725 977 211 3 7315 7316 7317
1726 977 308 1 7318
1727 977 217 3 7319 7320 7321
1728 796 132 8 7322 7323 7324 7325 7326 7327 7328 7329
1729 796 211 1 7330
1730 796 308 2 7331 7332
1731 796 217 9 7333 7334 7335 7336 7337 7338 7339 7340 7341
1732 797 132 8 7342 7343 7344 7345 7346 7347 7348 7349
1733 797 211 7 7350 7351 7352 7353 7354 7355 7356
1734 797 217 1 7357
1735 452 211 1 7358
1736 762 132 1 7359
1737 762 217 3 7360 7361 7362
1738 831 132 8 7363 7364 7365 7366 7367 7368 7369 7370
1739 831 211 3 7371 7372 7373
1740 831 217 1 7374
1741 262 132 5 7375 7376 7377 7378 7379
1742 262 211 6 7380 7381 7382 7383 7384 7385
1743 388 211 1 7386
1744 318 211 1 7387
1745 382 132 1 7388
1746 382 211 16 7389 7390 7391 7392 7393 7394 7395 7396 7397 7398 7399 7400 7401 7402 7403 7404
1747 382 266 3 7405 7406 7407
1748 756 132 12 7408 7409 7410 7411 7412 7413 7414 7415 7416 7417 7418 7419
1749 756 211 3 7420 7421 7422
1750 756 308 3 7423 7424 7425
1751 756 217 10 7426 7427 7428 7429 7430 7431 7432 7433 7434 7435
1752 657 132 5 7436 7437 7438 7439 7440
1753 657 211 5 7441 7442 7443 7444 7445
1754 657 217 3 7446 7447 7448
1755 405 132 8 7449 7450 7451 7452 7453 7454 7455 7456
1756 405 211 13 7457 7458 7459 7460 7461 7462 7463 7464 7465 7466 7467 7468 7469
1757 405 680 1 7470
1758 405 67 1 7471
1759 405 266 5 7472 7473 7474 7475 7476
1760 405 46 3 7477 7478 7479
1761 373 211 5 7480 7481 7482 7483 7484
1762 373 266 1 7485
1763 900 308 1 7486
1764 900 217 5 7487 7488 7489 7490 7491
1765 900 186 3 7492 7493 7494
1766 943 856 6 7495 7496 7497 7498 7499 7500
1767 943 902 7 7501 7502 7503 7504 7505 7506 7507
1768 943 716 9 7508 7509 7510 7511 7512 7513 7514 7515 7516
1769 943 186 6 7517 7518 7519 7520 7521 7522
1770 997 856 9 7523 7524 7525 7526 7527 7528 7529 7530 7531
1771 997 902 6 7532 7533 7534 7535 7536 7537
1772 997 716 18 7538 7539 7540 7541 7542 7543 7544 7545 7546 7547 7548 7549 7550 7551 7552 7553 7554 7555
1773 997 186 15 7556 7557 7558 7559 7560 7561 7562 7563 7564 7565 7566 7567 7568 7569 7570
1774 997 69 6 7571 7572 7573 7574 7575 7576
1775 493 856 6 7577 7578 7579 7580 7581 7582
1776 493 716 6 7583 7584 7585 7586 7587 7588
1777 493 186 3 7589 7590 7591
1778 921 308 3 7592 7593 7594
1779 921 856 3 7595 7596 7597
1780 921 902 10 7598 7599 7600 7601 7602 7603 7604 7605 7606 7607
1781 921 217 9 7608 7609 7610 7611 7612 7613 7614 7615 7616
1782 921 716 9 7617 7618 7619 7620 7621 7622 7623 7624 7625
1783 921 186 13 7626 7627 7628 7629 7630 7631 7632 7633 7634 7635 7636 7637 7638
1784 921 69 6 7639 7640 7641 7642 7643 7644
1785 452 856 3 7645 7646 7647
1786 452 716 3 7648 7649 7650
1787 452 186 1 7651
1788 762 856 3 7652 7653 7654
1789 762 902 6 7655 7656 7657 7658 7659 7660
1790 762 217 3 7661 7662 7663
1791 762 716 6 7664 7665 7666 7667 7668 7669
1792 762 186 9 7670 7671 7672 7673 7674 7675 7676 7677 7678
1793 618 856 3 7679 7680 7681
1794 618 716 6 7682 7683 7684 7685 7686 7687
1795 618 186 6 7688 7689 7690 7691 7692 7693
1796 618 69 3 7694 7695 7696
1797 460 856 3 7697 7698 7699
1798 460 716 3 7700 7701 7702
1799 460 186 1 7703
1800 890 308 1 7704
1801 890 902 3 7705 7706 7707
1802 890 217 3 7708 7709 7710
1803 890 716 3 7711 7712 7713
1804 890 186 3 7714 7715 7716
1805 890 69 3 7717 7718 7719
1806 657 856 6 7720 7721 7722 7723 7724 7725
1807 657 902 2 7726 7727
1808 657 217 1 7728
1809 657 716 8 7729 7730 7731 7732 7733 7734 7735 7736
1810 657 186 5 7737 7738 7739 7740 7741
1811 505 856 6 7742 7743 7744 7745 7746 7747
1812 505 716 10 7748 7749 7750 7751 7752 7753 7754 7755 7756 7757
1813 505 186 6 7758 7759 7760 7761 7762 7763
1814 505 69 1 7764
1815 831 132 3 7765 7766 7767
1816 831 864 3 7768 7769 7770
1817 831 910 6 7771 7772 7773 7774 7775 7776
1818 831 67 1 7777
1819 900 132 5 7778 7779 7780 7781 7782
1820 900 308 2 7783 7784
1821 900 925 9 7785 7786 7787 7788 7789 7790 7791 7792 7793
1822 900 910 5 7794 7795 7796 7797 7798
1823 900 217 12 7799 7800 7801 7802 7803 7804 7805 7806 7807 7808 7809 7810
1824 900 894 3 7811 7812 7813
1825 796 132 11 7814 7815 7816 7817 7818 7819 7820 7821 7822 7823 7824
1826 796 308 1 7825
1827 796 864 7 7826 7827 7828 7829 7830 7831 7832
1828 796 925 1 7833
1829 796 910 9 7834 7835 7836 7837 7838 7839 7840 7841 7842
1830 796 67 3 7843 7844 7845
1831 796 217 3 7846 7847 7848
1832 886 132 1 7849
1833 886 308 1 7850
1834 886 925 5 7851 7852 7853 7854 7855
1835 886 910 1 7856
1836 886 217 5 7857 7858 7859 7860 7861
1837 886 894 3 7862 7863 7864
1838 797 132 1 7865
1839 797 910 3 7866 7867 7868
1840 762 132 3 7869 7870 7871
1841 762 925 7 7872 7873 7874 7875 7876 7877 7878
1842 762 910 3 7879 7880 7881
1843 762 217 6 7882 7883 7884 7885 7886 7887
1844 762 894 3 7888 7889 7890
1845 942 132 10 7891 7892 7893 7894 7895 7896 7897 7898 7899 7900
1846 942 308 2 7901 7902
1847 942 864 6 7903 7904 7905 7906 7907 7908
1848 942 925 1 7909
1849 942 910 8 7910 7911 7912 7913 7914 7915 7916 7917
1850 942 67 3 7918 7919 7920
1851 942 217 6 7921 7922 7923 7924 7925 7926
1852 919 132 3 7927 7928 7929
1853 919 308 2 7930 7931
1854 919 925 8 7932 7933 7934 7935 7936 7937 7938 7939
1855 919 910 3 7940 7941 7942
1856 919 217 9 7943 7944 7945 7946 7947 7948 7949 7950 7951
1857 919 894 3 7952 7953 7954
1858 657 132 3 7955 7956 7957
1859 657 925 2 7958 7959
1860 657 910 5 7960 7961 7962 7963 7964
1861 657 217 2 7965 7966
1862 657 894 1 7967
1863 997 902 3 7968 7969 7970
1864 997 716 7 7971 7972 7973 7974 7975 7976 7977
1865 997 186 3 7978 7979 7980
1866 997 69 1 7981
1867 900 308 2 7982 7983
1868 900 902 7 7984 7985 7986 7987 7988 7989 7990
1869 900 933 10 7991 7992 7993 7994 7995 7996 7997 7998 7999 8000
1870 900 217 12 8001 8002 8003 8004 8005 8006 8007 8008 8009 8010 8011 8012
1871 900 716 3 8013 8014 8015
1872 900 894 3 8016 8017 8018
1873 900 186 5 8019 8020 8021 8022 8023
1874 943 902 3 8024 8025 8026
1875 943 716 3 8027 8028 8029
1876 943 186 1 8030
1877 886 308 1 8031
1878 886 902 1 8032
1879 886 933 5 8033 8034 8035 8036 8037
1880 886 217 5 8038 8039 8040 8041 8042
1881 886 894 3 8043 8044 8045
1882 886 186 1 8046
1883 921 308 1 8047
1884 921 902 10 8048 8049 8050 8051 8052 8053 8054 8055 8056 8057
1885 921 933 1 8058
1886 921 217 3 8059 8060 8061
1887 921 716 9 8062 8063 8064 8065 8066 8067 8068 8069 8070
1888 921 186 9 8071 8072 8073 8074 8075 8076 8077 8078 8079
1889 921 69 3 8080 8081 8082
1890 762 902 9 8083 8084 8085 8086 8087 8088 8089 8090 8091
1891 762 933 6 8092 8093 8094 8095 8096 8097
1892 762 217 6 8098 8099 8100 8101 8102 8103
1893 762 716 5 8104 8105 8106 8107 8108
1894 762 894 3 8109 8110 8111
1895 762 186 5 8112 8113 8114 8115 8116
1896 920 308 2 8117 8118
1897 920 902 3 8119 8120 8121
1898 920 933 8 8122 8123 8124 8125 8126 8127 8128 8129
1899 920 217 9 8130 8131 8132 8133 8134 8135 8136 8137 8138
1900 920 716 3 8139 8140 8141
1901 920 894 3 8142 8143 8144
1902 920 186 3 8145 8146 8147
1903 890 308 2 8148 8149
1904 890 902 8 8150 8151 8152 8153 8154 8155 8156 8157
1905 890 933 1 8158
1906 890 217 6 8159 8160 8161 8162 8163 8164
1907 890 716 10 8165 8166 8167 8168 8169 8170 8171 8172 8173 8174
1908 890 186 10 8175 8176 8177 8178 8179 8180 8181 8182 8183 8184
1909 890 69 3 8185 8186 8187
1910 657 902 2 8188 8189
1911 657 933 2 8190 8191
1912 657 217 2 8192 8193
1913 657 716 1 8194
1914 657 894 1 8195
1915 657 186 1 8196
1916 977 211 3 8197 8198 8199
1917 977 281 1 8200
1918 977 308 3 8201 8202 8203
1919 977 132 9 8204 8205 8206 8207 8208 8209 8210 8211 8212
1920 977 325 5 8213 8214 8215 8216 8217
1921 977 361 1 8218
1922 977 217 3 8219 8220 8221
1923 977 67 3 8222 8223 8224
1924 517 211 3 8225 8226 8227
1925 388 211 3 8228 8229 8230
1926 486 211 4 8231 8232 8233 8234
1927 486 281 1 8235
1928 486 132 3 8236 8237 8238
1929 486 325 3 8239 8240 8241
1930 486 67 3 8242 8243 8244
1931 373 211 1 8245
1932 900 132 3 8246 8247 8248
1933 900 308 1 8249
1934 900 217 5 8250 8251 8252 8253 8254
1935 501 132 6 8255 8256 8257 8258 8259 8260
1936 501 910 1 8261
1937 501 211 3 8262 8263 8264
1938 796 132 15 8265 8266 8267 8268 8269 8270 8271 8272 8273 8274 8275 8276 8277 8278 8279
1939 796 308 4 8280 8281 8282 8283
1940 796 864 6 8284 8285 8286 8287 8288 8289
1941 796 67 10 8290 8291 8292 8293 8294 8295 8296 8297 8298 8299
1942 796 217 12 8300 8301 8302 8303 8304 8305 8306 8307 8308 8309 8310 8311
1943 797 132 13 8312 8313 8314 8315 8316 8317 8318 8319 8320 8321 8322 8323 8324
1944 797 910 5 8325 8326 8327 8328 8329
1945 797 211 3 8330 8331 8332
1946 762 132 3 8333 8334 8335
1947 762 217 3 8336 8337 8338
1948 831 132 9 8339 8340 8341 8342 8343 8344 8345 8346 8347
1949 831 864 10 8348 8349 8350 8351 8352 8353 8354 8355 8356 8357
1950 831 910 6 8358 8359 8360 8361 8362 8363
1951 831 67 6 8364 8365 8366 8367 8368 8369
1952 262 132 3 8370 8371 8372
1953 262 67 1 8373
1954 382 132 6 8374 8375 8376 8377 8378 8379
1955 382 910 1 8380
1956 382 211 3 8381 8382 8383
1957 942 132 3 8384 8385 8386
1958 942 308 1 8387
1959 942 864 3 8388 8389 8390
1960 942 67 3 8391 8392 8393
1961 942 217 3 8394 8395 8396
1962 756 132 6 8397 8398 8399 8400 8401 8402
1963 756 308 1 8403
1964 756 67 1 8404
1965 756 217 3 8405 8406 8407
1966 657 132 8 8408 8409 8410 8411 8412 8413 8414 8415
1967 657 910 1 8416
1968 657 217 1 8417
1969 657 211 1 8418
1970 405 132 18 8419 8420 8421 8422 8423 8424 8425 8426 8427 8428 8429 8430 8431 8432 8433 8434 8435 8436
1971 405 680 3 8437 8438 8439
1972 405 864 7 8440 8441 8442 8443 8444 8445 8446
1973 405 910 3 8447 8448 8449
1974 405 67 11 8450 8451 8452 8453 8454 8455 8456 8457 8458 8459 8460
1975 405 211 3 8461 8462 8463
1976 405 46 5 8464 8465 8466 8467 8468
1977 405 1002 1 8469
1978 405 266 1 8470
1979 1017 1002 1 8471
1980 645 680 1 8472
1981 645 854 3 8473 8474 8475
1982 645 726 6 8476 8477 8478 8479 8480 8481
1983 645 1002 2 8482 8483
1984 756 1002 1 8484
1985 433 680 5 8485 8486 8487 8488 8489
1986 433 854 1 8490
1987 433 726 5 8491 8492 8493 8494 8495
1988 433 1002 3 8496 8497 8498
1989 873 1002 1 8499
1990 796 864 3 8500 8501 8502
1991 796 1002 5 8503 8504 8505 8506 8507
1992 730 854 2 8508 8509
1993 730 726 1 8510
1994 831 864 3 8511 8512 8513
1995 831 1002 6 8514 8515 8516 8517 8518 8519
1996 262 680 1 8520
1997 262 1002 3 8521 8522 8523
1998 537 680 14 8524 8525 8526 8527 8528 8529 8530 8531 8532 8533 8534 8535 8536 8537
1999 537 854 3 8538 8539 8540
2000 537 726 9 8541 8542 8543 8544 8545 8546 8547 8548 8549
2001 537 1002 5 8550 8551 8552 8553 8554
2002 942 864 3 8555 8556 8557
2003 942 1002 4 8558 8559 8560 8561
2004 908 854 1 8562
2005 610 680 2 8563 8564
2006 610 854 1 8565
2007 610 726 2 8566 8567
2008 610 1002 1 8568
2009 405 680 5 8569 8570 8571 8572 8573
2010 405 864 1 8574
2011 405 1002 9 8575 8576 8577 8578 8579 8580 8581 8582 8583
2012 873 281 1 8584
2013 873 864 3 8585 8586 8587
2014 873 325 3 8588 8589 8590
2015 873 67 5 8591 8592 8593 8594 8595
2016 730 281 6 8596 8597 8598 8599 8600 8601
2017 730 368 1 8602
2018 730 116 5 8603 8604 8605 8606 8607
2019 730 726 3 8608 8609 8610
2020 1017 281 11 8611 8612 8613 8614 8615 8616 8617 8618 8619 8620 8621
2021 1017 368 1 8622
2022 1017 864 4 8623 8624 8625 8626
2023 1017 116 3 8627 8628 8629
2024 1017 325 6 8630 8631 8632 8633 8634 8635
2025 1017 726 2 8636 8637
2026 1017 1002 1 8638
2027 1017 67 6 8639 8640 8641 8642 8643 8644
2028 1017 46 1 8645
2029 1017 680 1 8646
2030 942 864 3 8647 8648 8649
2031 942 67 1 8650
2032 908 281 3 8651 8652 8653
2033 908 368 1 8654
2034 908 854 1 8655
2035 908 116 1 8656
2036 908 726 4 8657 8658 8659 8660
2037 645 281 6 8661 8662 8663 8664 8665 8666
2038 645 368 1 8667
2039 645 116 3 8668 8669 8670
2040 645 726 3 8671 8672 8673
2041 622 886 1 8674
2042 510 886 9 8675 8676 8677 8678 8679 8680 8681 8682 8683
2043 510 763 3 8684 8685 8686
2044 390 886 4 8687 8688 8689 8690
2045 390 763 3 8691 8692 8693
2046 720 886 5 8694 8695 8696 8697 8698
2047 744 886 1 8699
2048 573 886 6 8700 8701 8702 8703 8704 8705
2049 573 763 1 8706
2050 618 886 3 8707 8708 8709
2051 618 763 3 8710 8711 8712
2052 461 763 1 8713
2053 894 886 3 8714 8715 8716
2054 513 260 3 8717 8718 8719
2055 513 886 3 8720 8721 8722
2056 513 191 3 8723 8724 8725
2057 513 763 13 8726 8727 8728 8729 8730 8731 8732 8733 8734 8735 8736 8737 8738
2058 505 260 3 8739 8740 8741
2059 505 706 5 8742 8743 8744 8745 8746
2060 505 856 3 8747 8748 8749
2061 505 886 4 8750 8751 8752 8753
2062 505 191 3 8754 8755 8756
2063 505 265 1 8757
2064 505 1008 4 8758 8759 8760 8761
2065 505 763 22 8762 8763 8764 8765 8766 8767 8768 8769 8770 8771 8772 8773 8774 8775 8776 8777 8778 8779 8780 8781 8782 8783
2066 505 70 1 8784
2067 505 716 1 8785
2068 505 186 1 8786
2069 505 69 1 8787
2070 441 706 1 8788
2071 441 886 1 8789
2072 441 1008 1 8790
2073 441 763 5 8791 8792 8793 8794 8795
2074 720 85 3 8796 8797 8798
2075 720 148 5 8799 8800 8801 8802 8803
2076 720 352 3 8804 8805 8806
2077 720 83 1 8807
2078 720 191 7 8808 8809 8810 8811 8812 8813 8814
2079 720 70 7 8815 8816 8817 8818 8819 8820 8821
2080 720 299 1 8822
2081 720 763 3 8823 8824 8825
2082 720 73 1 8826
2083 720 706 1 8827
2084 894 85 5 8828 8829 8830 8831 8832
2085 894 148 3 8833 8834 8835
2086 894 352 3 8836 8837 8838
2087 894 886 3 8839 8840 8841
2088 894 287 1 8842
2089 894 83 1 8843
2090 894 191 6 8844 8845 8846 8847 8848 8849
2091 894 70 5 8850 8851 8852 8853 8854
2092 894 299 1 8855
2093 894 763 8 8856 8857 8858 8859 8860 8861 8862 8863
2094 894 757 1 8864
2095 894 73 1 8865
2096 894 706 3 8866 8867 8868
2097 900 308 1 8869
2098 900 925 3 8870 8871 8872
2099 900 933 3 8873 8874 8875
2100 900 217 6 8876 8877 8878 8879 8880 8881
2101 900 894 12 8882 8883 8884 8885 8886 8887 8888 8889 8890 8891 8892 8893
2102 886 308 4 8894 8895 8896 8897
2103 886 925 3 8898 8899 8900
2104 886 933 3 8901 8902 8903
2105 886 217 13 8904 8905 8906 8907 8908 8909 8910 8911 8912 8913 8914 8915 8916
2106 886 894 16 8917 8918 8919 8920 8921 8922 8923 8924 8925 8926 8927 8928 8929 8930 8931 8932
2107 762 925 3 8933 8934 8935
2108 762 933 3 8936 8937 8938
2109 762 217 3 8939 8940 8941
2110 762 894 13 8942 8943 8944 8945 8946 8947 8948 8949 8950 8951 8952 8953 8954
2111 920 308 1 8955
2112 920 933 2 8956 8957
2113 920 217 3 8958 8959 8960
2114 920 894 3 8961 8962 8963
2115 919 308 1 8964
2116 919 925 2 8965 8966
2117 919 217 3 8967 8968 8969
2118 919 894 3 8970 8971 8972
2119 657 925 1 8973
2120 657 933 1 8974
2121 657 217 1 8975
2122 657 894 4 8976 8977 8978 8979
2123 506 854 1 8980
2124 506 730 3 8981 8982 8983
2125 317 730 1 8984
2126 535 854 8 8985 8986 8987 8988 8989 8990 8991 8992
2127 535 726 1 8993
2128 535 730 3 8994 8995 8996
2129 645 854 3 8997 8998 8999
2130 645 726 3 9000 9001 9002
2131 381 730 1 9003
2132 433 854 11 9004 9005 9006 9007 9008 9009 9010 9011 9012 9013 9014
2133 433 726 5 9015 9016 9017 9018 9019
2134 433 730 3 9020 9021 9022
2135 730 854 8 9023 9024 9025 9026 9027 9028 9029 9030
2136 730 726 3 9031 9032 9033
2137 534 470 1 9034
2138 534 315 3 9035 9036 9037
2139 534 730 3 9038 9039 9040
2140 537 680 5 9041 9042 9043 9044 9045
2141 537 854 10 9046 9047 9048 9049 9050 9051 9052 9053 9054 9055
2142 537 726 6 9056 9057 9058 9059 9060 9061
2143 537 730 3 9062 9063 9064
2144 908 854 1 9065
2145 610 680 3 9066 9067 9068
2146 610 854 13 9069 9070 9071 9072 9073 9074 9075 9076 9077 9078 9079 9080 9081
2147 610 726 3 9082 9083 9084
2148 610 730 5 9085 9086 9087 9088 9089
2149 586 470 3 9090 9091 9092
2150 586 854 1 9093
2151 586 315 3 9094 9095 9096
2152 586 730 12 9097 9098 9099 9100 9101 9102 9103 9104 9105 9106 9107 9108
2153 405 680 1 9109
2154 730 111 3 9110 9111 9112
2155 730 281 5 9113 9114 9115 9116 9117
2156 730 368 3 9118 9119 9120
2157 730 116 7 9121 9122 9123 9124 9125 9126 9127
2158 730 137 1 9128
2159 730 726 1 9129
2160 908 111 3 9130 9131 9132
2161 908 281 3 9133 9134 9135
2162 908 368 3 9136 9137 9138
2163 908 854 1 9139
2164 908 116 7 9140 9141 9142 9143 9144 9145 9146
2165 908 137 1 9147
2166 908 726 6 9148 9149 9150 9151 9152 9153
2167 974 925 1 9154
2168 900 925 6 9155 9156 9157 9158 9159 9160
2169 900 910 1 9161
2170 969 925 1 9162
2171 796 864 3 9163 9164 9165
2172 796 925 3 9166 9167 9168
2173 796 910 4 9169 9170 9171 9172
2174 886 925 3 9173 9174 9175
2175 831 864 7 9176 9177 9178 9179 9180 9181 9182
2176 831 925 1 9183
2177 831 910 5 9184 9185 9186 9187 9188
2178 762 925 5 9189 9190 9191 9192 9193
2179 762 910 1 9194
2180 960 925 1 9195
2181 942 864 3 9196 9197 9198
2182 942 925 2 9199 9200
2183 942 910 1 9201
2184 919 925 3 9202 9203 9204
2185 797 864 1 9205
2186 797 925 3 9206 9207 9208
2187 797 910 5 9209 9210 9211 9212 9213
2188 657 925 6 9214 9215 9216 9217 9218 9219
2189 657 910 3 9220 9221 9222
2190 974 933 1 9223
2191 900 902 1 9224
2192 900 933 7 9225 9226 9227 9228 9229 9230 9231
2193 969 933 1 9232
2194 997 902 6 9233 9234 9235 9236 9237 9238
2195 997 933 1 9239
2196 886 933 3 9240 9241 9242
2197 921 902 5 9243 9244 9245 9246 9247
2198 921 933 3 9248 9249 9250
2199 762 902 5 9251 9252 9253 9254 9255
2200 762 933 8 9256 9257 9258 9259 9260 9261 9262 9263
2201 943 902 6 9264 9265 9266 9267 9268 9269
2202 943 933 3 9270 9271 9272
2203 920 933 3 9273 9274 9275
2204 890 902 3 9276 9277 9278
2205 890 933 2 9279 9280
2206 657 902 1 9281
2207 657 933 1 9282
2208 942 308 3 9283 9284 9285
2209 942 361 3 9286 9287 9288
2210 942 864 4 9289 9290 9291 9292
2211 942 217 3 9293 9294 9295
2212 942 325 3 9296 9297 9298
2213 942 910 1 9299
2214 942 67 5 9300 9301 9302 9303 9304
2215 942 132 5 9305 9306 9307 9308 9309
2216 919 308 5 9310 9311 9312 9313 9314
2217 919 361 3 9315 9316 9317
2218 919 864 1 9318
2219 919 925 3 9319 9320 9321
2220 919 809 1 9322
2221 919 217 7 9323 9324 9325 9326 9327 9328 9329
2222 919 325 1 9330
2223 919 910 2 9331 9332
2224 919 67 1 9333
2225 919 894 3 9334 9335 9336
2226 919 974 1 9337
2227 919 132 3 9338 9339 9340
2228 920 207 3 9341 9342 9343
2229 920 308 5 9344 9345 9346 9347 9348
2230 920 902 2 9349 9350
2231 920 933 3 9351 9352 9353
2232 920 97 1 9354
2233 920 391 3 9355 9356 9357
2234 920 809 1 9358
2235 920 217 7 9359 9360 9361 9362 9363 9364 9365
2236 920 716 3 9366 9367 9368
2237 920 894 3 9369 9370 9371
2238 920 69 1 9372
2239 920 834 1 9373
2240 920 974 1 9374
2241 920 186 3 9375 9376 9377
2242 890 207 3 9378 9379 9380
2243 890 308 3 9381 9382 9383
2244 890 902 3 9384 9385 9386
2245 890 97 3 9387 9388 9389
2246 890 391 1 9390
2247 890 217 3 9391 9392 9393
2248 890 716 5 9394 9395 9396 9397 9398
2249 890 69 5 9399 9400 9401 9402 9403
2250 890 186 5 9404 9405 9406 9407 9408
2251 493 856 5 9409 9410 9411 9412 9413
2252 997 856 5 9414 9415 9416 9417 9418
2253 997 902 6 9419 9420 9421 9422 9423 9424
2254 921 902 5 9425 9426 9427 9428 9429
2255 452 856 1 9430
2256 762 856 3 9431 9432 9433
2257 762 902 3 9434 9435 9436
2258 618 856 1 9437
2259 460 856 3 9438 9439 9440
2260 943 856 10 9441 9442 9443 9444 9445 9446 9447 9448 9449 9450
2261 943 902 5 9451 9452 9453 9454 9455
2262 890 902 1 9456
2263 657 856 3 9457 9458 9459
2264 657 902 1 9460
2265 505 856 3 9461 9462 9463
2266 890 207 3 9464 9465 9466
2267 890 308 3 9467 9468 9469
2268 890 902 1 9470
2269 890 97 3 9471 9472 9473
2270 890 391 1 9474
2271 890 217 3 9475 9476 9477
2272 890 716 2 9478 9479
2273 890 69 8 9480 9481 9482 9483 9484 9485 9486 9487
2274 890 186 3 9488 9489 9490
2275 815 148 1 9491
2276 815 207 5 9492 9493 9494 9495 9496
2277 815 308 3 9497 9498 9499
2278 815 97 8 9500 9501 9502 9503 9504 9505 9506 9507
2279 815 391 3 9508 9509 9510
2280 815 217 1 9511
2281 815 69 3 9512 9513 9514
2282 815 186 1 9515
2283 796 864 2 9516 9517
2284 501 132 3 9518 9519 9520
2285 501 910 3 9521 9522 9523
2286 501 211 3 9524 9525 9526
2287 831 864 12 9527 9528 9529 9530 9531 9532 9533 9534 9535 9536 9537 9538
2288 831 910 5 9539 9540 9541 9542 9543
2289 831 1002 3 9544 9545 9546
2290 382 132 3 9547 9548 9549
2291 382 910 3 9550 9551 9552
2292 382 211 3 9553 9554 9555
2293 942 864 1 9556
2294 797 132 3 9557 9558 9559
2295 797 864 2 9560 9561
2296 797 910 12 9562 9563 9564 9565 9566 9567 9568 9569 9570 9571 9572 9573
2297 797 211 3 9574 9575 9576
2298 797 1002 1 9577
2299 657 132 1 9578
2300 657 910 2 9579 9580
2301 405 132 3 9581 9582 9583
2302 405 680 3 9584 9585 9586
2303 405 864 5 9587 9588 9589 9590 9591
2304 405 910 6 9592 9593 9594 9595 9596 9597
2305 405 67 1 9598
2306 405 211 3 9599 9600 9601
2307 405 46 1 9602
2308 405 1002 7 9603 9604 9605 9606 9607 9608 9609
2309 405 266 1 9610
2310 886 308 3 9611 9612 9613
2311 886 929 1 9614
2312 886 809 5 9615 9616 9617 9618 9619
2313 886 217 3 9620 9621 9622
2314 886 894 6 9623 9624 9625 9626 9627 9628
2315 886 834 3 9629 9630 9631
2316 886 974 3 9632 9633 9634
2317 920 308 3 9635 9636 9637
2318 920 929 1 9638
2319 920 933 1 9639
2320 920 809 4 9640 9641 9642 9643
2321 920 217 3 9644 9645 9646
2322 920 894 7 9647 9648 9649 9650 9651 9652 9653
2323 920 834 3 9654 9655 9656
2324 920 974 3 9657 9658 9659
2325 919 308 3 9660 9661 9662
2326 919 925 1 9663
2327 919 929 1 9664
2328 919 809 5 9665 9666 9667 9668 9669
2329 919 217 3 9670 9671 9672
2330 919 894 7 9673 9674 9675 9676 9677 9678 9679
2331 919 834 2 9680 9681
2332 919 974 3 9682 9683 9684
2333 873 281 1 9685
2334 873 308 3 9686 9687 9688
2335 873 361 5 9689 9690 9691 9692 9693
2336 873 325 9 9694 9695 9696 9697 9698 9699 9700 9701 9702
2337 873 217 1 9703
2338 873 67 3 9704 9705 9706
2339 873 132 1 9707
2340 942 308 3 9708 9709 9710
2341 942 361 3 9711 9712 9713
2342 942 864 1 9714
2343 942 325 3 9715 9716 9717
2344 942 217 3 9718 9719 9720
2345 942 67 8 9721 9722 9723 9724 9725 9726 9727 9728
2346 942 132 3 9729 9730 9731
2347 974 894 3 9732 9733 9734
2348 974 925 3 9735 9736 9737
2349 974 933 3 9738 9739 9740
2350 900 894 3 9741 9742 9743
2351 900 925 3 9744 9745 9746
2352 900 933 3 9747 9748 9749
2353 969 894 6 9750 9751 9752 9753 9754 9755
2354 969 925 5 9756 9757 9758 9759 9760
2355 969 933 6 9761 9762 9763 9764 9765 9766
2356 886 894 6 9767 9768 9769 9770 9771 9772
2357 886 925 7 9773 9774 9775 9776 9777 9778 9779
2358 886 933 7 9780 9781 9782 9783 9784 9785 9786
2359 762 894 6 9787 9788 9789 9790 9791 9792
2360 762 925 6 9793 9794 9795 9796 9797 9798
2361 762 933 6 9799 9800 9801 9802 9803 9804
2362 960 894 5 9805 9806 9807 9808 9809
2363 960 925 5 9810 9811 9812 9813 9814
2364 960 933 4 9815 9816 9817 9818
2365 978 894 1 9819
2366 978 925 1 9820
2367 978 933 1 9821
2368 920 933 1 9822
2369 919 925 1 9823
2370 657 894 3 9824 9825 9826
2371 657 925 3 9827 9828 9829
2372 657 933 3 9830 9831 9832
2373 969 925 1 9833
2374 969 933 3 9834 9835 9836
2375 969 894 5 9837 9838 9839 9840 9841
2376 969 974 1 9842
2377 974 925 3 9843 9844 9845
2378 974 929 1 9846
2379 974 933 3 9847 9848 9849
2380 974 894 6 9850 9851 9852 9853 9854 9855
2381 974 834 1 9856
2382 974 974 6 9857 9858 9859 9860 9861 9862
2383 974 809 1 9863
2384 960 925 3 9864 9865 9866
2385 960 894 5 9867 9868 9869 9870 9871
2386 960 974 1 9872
2387 886 925 1 9873
2388 886 929 2 9874 9875
2389 886 933 1 9876
2390 886 894 8 9877 9878 9879 9880 9881 9882 9883 9884
2391 886 834 5 9885 9886 9887 9888 9889
2392 886 974 6 9890 9891 9892 9893 9894 9895
2393 886 809 5 9896 9897 9898 9899 9900
2394 978 925 1 9901
2395 978 933 1 9902
2396 978 894 2 9903 9904
2397 978 974 1 9905
2398 920 929 1 9906
2399 920 933 2 9907 9908
2400 920 894 1 9909
2401 920 834 3 9910 9911 9912
2402 920 974 3 9913 9914 9915
2403 920 809 1 9916
2404 919 925 2 9917 9918
2405 919 929 1 9919
2406 919 894 1 9920
2407 919 974 3 9921 9922 9923
2408 919 809 3 9924 9925 9926
2409 535 854 5 9927 9928 9929 9930 9931
2410 535 730 1 9932
2411 645 854 1 9933
2412 506 854 5 9934 9935 9936 9937 9938
2413 506 730 3 9939 9940 9941
2414 615 854 1 9942
2415 433 854 3 9943 9944 9945
2416 317 854 3 9946 9947 9948
2417 317 730 3 9949 9950 9951
2418 730 854 3 9952 9953 9954
2419 742 854 1 9955
2420 537 854 3 9956 9957 9958
2421 381 854 3 9959 9960 9961
2422 381 730 3 9962 9963 9964
2423 908 854 3 9965 9966 9967
2424 610 854 6 9968 9969 9970 9971 9972 9973
2425 586 470 3 9974 9975 9976
2426 586 854 5 9977 9978 9979 9980 9981
2427 586 315 1 9982
2428 586 730 5 9983 9984 9985 9986 9987
2429 534 470 3 9988 9989 9990
2430 534 854 5 9991 9992 9993 9994 9995
2431 534 315 3 9996 9997 9998
2432 534 730 9 9999 10000 10001 10002 10003 10004 10005 10006 10007
2433 919 308 6 10008 10009 10010 10011 10012 10013
2434 919 361 1 10014
2435 919 925 1 10015
2436 919 929 1 10016
2437 919 809 7 10017 10018 10019 10020 10021 10022 10023
2438 919 217 1 10024
2439 919 894 3 10025 10026 10027
2440 919 834 1 10028
2441 919 974 3 10029 10030 10031
2442 920 207 1 10032
2443 920 308 6 10033 10034 10035 10036 10037 10038
2444 920 929 1 10039
2445 920 933 1 10040
2446 920 391 3 10041 10042 10043
2447 920 809 5 10044 10045 10046 10047 10048
2448 920 217 1 10049
2449 920 834 7 10050 10051 10052 10053 10054 10055 10056
2450 920 894 3 10057 10058 10059
2451 920 974 3 10060 10061 10062
2452 974 925 3 10063 10064 10065
2453 900 925 1 10066
2454 969 925 3 10067 10068 10069
2455 886 925 3 10070 10071 10072
2456 762 925 3 10073 10074 10075
2457 960 925 8 10076 10077 10078 10079 10080 10081 10082 10083
2458 978 925 1 10084
2459 919 925 1 10085
2460 797 925 1 10086
2461 657 925 7 10087 10088 10089 10090 10091 10092 10093
2462 974 933 3 10094 10095 10096
2463 900 933 1 10097
2464 969 933 8 10098 10099 10100 10101 10102 10103 10104 10105
2465 886 933 3 10106 10107 10108
2466 762 933 9 10109 10110 10111 10112 10113 10114 10115 10116 10117
2467 960 933 3 10118 10119 10120
2468 978 933 1 10121
2469 943 933 1 10122
2470 920 933 1 10123
2471 657 933 3 10124 10125 10126
2472 908 111 5 10127 10128 10129 10130 10131
2473 908 368 3 10132 10133 10134
2474 908 531 3 10135 10136 10137
2475 908 854 3 10138 10139 10140
2476 908 116 3 10141 10142 10143
2477 908 137 6 10144 10145 10146 10147 10148 10149
2478 908 315 1 10150
2479 908 281 1 10151
2480 908 369 3 10152 10153 10154
2481 908 317 1 10155
2482 908 730 1 10156
2483 908 726 3 10157 10158 10159
2484 908 158 1 10160
2485 908 661 1 10161
2486 1004 148 5 10162 10163 10164 10165 10166
2487 1004 207 1 10167
2488 1004 352 1 10168
2489 1004 97 6 10169 10170 10171 10172 10173 10174
2490 890 207 1 10175
2491 890 902 1 10176
2492 890 97 5 10177 10178 10179 10180 10181
2493 890 716 1 10182
2494 890 69 3 10183 10184 10185
2495 815 148 1 10186
2496 815 207 1 10187
2497 815 97 8 10188 10189 10190 10191 10192 10193 10194 10195
2498 815 69 1 10196
2499 493 856 3 10197 10198 10199
2500 493 1008 1 10200
2501 997 856 10 10201 10202 10203 10204 10205 10206 10207 10208 10209 10210
2502 997 902 5 10211 10212 10213 10214 10215
2503 997 1008 6 10216 10217 10218 10219 10220 10221
2504 921 902 3 10222 10223 10224
2505 618 856 3 10225 10226 10227
2506 618 1008 7 10228 10229 10230 10231 10232 10233 10234
2507 460 856 3 10235 10236 10237
2508 460 1008 1 10238
2509 943 856 5 10239 10240 10241 10242 10243
2510 943 902 1 10244
2511 943 1008 3 10245 10246 10247
2512 890 902 1 10248
2513 505 856 7 10249 10250 10251 10252 10253 10254 10255
2514 505 1008 5 10256 10257 10258 10259 10260
2515 441 1008 1 10261
2516 1017 281 6 10262 10263 10264 10265 10266 10267
2517 1017 361 1 10268
2518 1017 368 1 10269
2519 1017 864 1 10270
2520 1017 325 8 10271 10272 10273 10274 10275 10276 10277 10278
2521 1017 67 1 10279
2522 942 361 1 10280
2523 942 864 3 10281 10282 10283
2524 942 325 3 10284 10285 10286
2525 942 67 3 10287 10288 10289
2526 873 281 1 10290
2527 873 361 1 10291
2528 873 864 1 10292
2529 873 325 8 10293 10294 10295 10296 10297 10298 10299 10300
2530 873 67 4 10301 10302 10303 10304
2531 796 864 3 10305 10306 10307
2532 796 1002 1 10308
2533 831 864 9 10309 10310 10311 10312 10313 10314 10315 10316 10317
2534 831 1002 10 10318 10319 10320 10321 10322 10323 10324 10325 10326 10327
2535 537 680 3 10328 10329 10330
2536 537 1002 6 10331 10332 10333 10334 10335 10336
2537 942 864 3 10337 10338 10339
2538 942 1002 1 10340
2539 797 864 1 10341
2540 797 1002 2 10342 10343
2541 610 680 1 10344
2542 610 1002 2 10345 10346
2543 405 680 3 10347 10348 10349
2544 405 864 1 10350
2545 405 1002 9 10351 10352 10353 10354 10355 10356 10357 10358 10359
