2357 9685 1978
0 1005 82 3 0 1 2
1 1005 912 1 3
2 1005 114 4 4 5 6 7
3 1005 167 1 8
4 1005 860 2 9 10
5 1005 364 1 11
6 1005 158 1 12
7 1005 235 4 13 14 15 16
8 1005 661 1 17
9 1005 1006 3 18 19 20
10 506 82 1 21
11 506 317 3 22 23 24
12 506 730 3 25 26 27
13 506 158 3 28 29 30
14 506 315 3 31 32 33
15 615 82 4 34 35 36 37
16 615 317 3 38 39 40
17 615 114 2 41 42
18 615 730 2 43 44
19 615 158 9 45 46 47 48 49 50 51 52 53
20 615 661 9 54 55 56 57 58 59 60 61 62
21 615 1006 1 63
22 768 912 3 64 65 66
23 768 860 10 67 68 69 70 71 72 73 74 75 76
24 768 364 5 77 78 79 80 81
25 768 235 1 82
26 768 1006 1 83
27 821 82 5 84 85 86 87 88
28 821 912 2 89 90
29 821 114 1 91
30 821 167 9 92 93 94 95 96 97 98 99 100
31 821 860 3 101 102 103
32 821 364 6 104 105 106 107 108 109
33 821 235 12 110 111 112 113 114 115 116 117 118 119 120 121
34 821 1006 2 122 123
35 742 82 2 124 125
36 742 854 1 126
37 742 317 6 127 128 129 130 131 132
38 742 730 11 133 134 135 136 137 138 139 140 141 142 143
39 742 158 9 144 145 146 147 148 149 150 151 152
40 742 661 1 153
41 742 315 4 154 155 156 157
42 944 860 1 158
43 381 730 6 159 160 161 162 163 164
44 381 158 3 165 166 167
45 381 661 3 168 169 170
46 381 315 3 171 172 173
47 680 82 3 174 175 176
48 680 114 3 177 178 179
49 680 167 1 180
50 680 860 8 181 182 183 184 185 186 187 188
51 680 364 4 189 190 191 192
52 680 235 10 193 194 195 196 197 198 199 200 201 202
53 680 1006 3 203 204 205
54 317 82 5 206 207 208 209 210
55 317 317 3 211 212 213
56 317 114 4 214 215 216 217
57 317 730 9 218 219 220 221 222 223 224 225 226
58 317 158 18 227 228 229 230 231 232 233 234 235 236 237 238 239 240 241 242 243 244
59 317 661 9 245 246 247 248 249 250 251 252 253
60 317 315 4 254 255 256 257
61 317 1006 1 258
62 916 912 7 259 260 261 262 263 264 265
63 916 860 2 266 267
64 916 364 6 268 269 270 271 272 273
65 916 235 6 274 275 276 277 278 279
66 916 1006 1 280
67 908 854 2 281 282
68 908 730 1 283
69 231 114 6 284 285 286 287 288 289
70 231 378 2 290 291
71 231 730 3 292 293 294
72 231 860 6 295 296 297 298 299 300
73 231 364 3 301 302 303
74 231 158 9 304 305 306 307 308 309 310 311 312
75 231 235 6 313 314 315 316 317 318
76 231 661 6 319 320 321 322 323 324
77 231 315 3 325 326 327
78 231 1006 1 328
79 150 82 2 329 330
80 150 114 13 331 332 333 334 335 336 337 338 339 340 341 342 343
81 150 860 7 344 345 346 347 348 349 350
82 150 364 3 351 352 353
83 150 158 3 354 355 356
84 150 235 4 357 358 359 360
85 150 661 3 361 362 363
86 150 1006 5 364 365 366 367 368
87 506 82 5 369 370 371 372 373
88 506 111 1 374
89 506 317 5 375 376 377 378 379
90 506 114 1 380
91 506 315 12 381 382 383 384 385 386 387 388 389 390 391 392
92 506 730 3 393 394 395
93 506 158 9 396 397 398 399 400 401 402 403 404
94 742 82 1 405
95 742 111 2 406 407
96 742 854 1 408
97 742 317 3 409 410 411
98 742 315 14 412 413 414 415 416 417 418 419 420 421 422 423 424 425
99 742 730 9 426 427 428 429 430 431 432 433 434
100 742 158 3 435 436 437
101 381 315 6 438 439 440 441 442 443
102 381 730 3 444 445 446
103 381 158 1 447
104 317 82 5 448 449 450 451 452
105 317 317 1 453
106 317 114 5 454 455 456 457 458
107 317 315 12 459 460 461 462 463 464 465 466 467 468 469 470
108 317 730 3 471 472 473
109 317 158 12 474 475 476 477 478 479 480 481 482 483 484 485
110 908 111 3 486 487 488
111 908 854 5 489 490 491 492 493
112 908 116 1 494
113 908 315 3 495 496 497
114 908 730 6 498 499 500 501 502 503
115 908 726 1 504
116 231 114 7 505 506 507 508 509 510 511
117 231 315 15 512 513 514 515 516 517 518 519 520 521 522 523 524 525 526
118 231 418 1 527
119 231 730 1 528
120 231 158 8 529 530 531 532 533 534 535 536
121 231 235 1 537
122 150 82 1 538
123 150 114 5 539 540 541 542 543
124 150 315 3 544 545 546
125 150 158 6 547 548 549 550 551 552
126 356 82 3 553 554 555
127 356 114 6 556 557 558 559 560 561
128 356 315 1 562
129 356 158 3 563 564 565
130 317 82 1 566
131 317 114 3 567 568 569
132 317 315 3 570 571 572
133 317 158 3 573 574 575
134 531 82 5 576 577 578 579 580
135 531 111 1 581
136 531 317 1 582
137 531 114 5 583 584 585 586 587
138 531 315 5 588 589 590 591 592
139 531 158 10 593 594 595 596 597 598 599 600 601 602
140 150 82 2 603 604
141 150 114 13 605 606 607 608 609 610 611 612 613 614 615 616 617
142 150 315 5 618 619 620 621 622
143 150 158 10 623 624 625 626 627 628 629 630 631 632
144 506 82 3 633 634 635
145 506 111 1 636
146 506 317 1 637
147 506 114 3 638 639 640
148 506 315 7 641 642 643 644 645 646 647
149 506 158 6 648 649 650 651 652 653
150 231 629 1 654
151 231 114 10 655 656 657 658 659 660 661 662 663 664
152 231 315 3 665 666 667
153 231 378 1 668
154 231 418 3 669 670 671
155 231 158 3 672 673 674
156 231 235 1 675
157 231 470 1 676
158 20 243 1 677
159 20 738 8 678 679 680 681 682 683 684 685
160 20 488 3 686 687 688
161 20 685 5 689 690 691 692 693
162 20 942 3 694 695 696
163 20 940 5 697 698 699 700 701
164 20 748 1 702
165 20 701 5 703 704 705 706 707
166 20 866 1 708
167 20 941 1 709
168 20 746 1 710
169 56 243 2 711 712
170 56 738 6 713 714 715 716 717 718
171 56 488 6 719 720 721 722 723 724
172 56 685 3 725 726 727
173 56 942 6 728 729 730 731 732 733
174 56 940 6 734 735 736 737 738 739
175 56 701 13 740 741 742 743 744 745 746 747 748 749 750 751 752
176 56 866 9 753 754 755 756 757 758 759 760 761
177 56 746 5 762 763 764 765 766
178 173 738 1 767
179 80 243 5 768 769 770 771 772
180 80 738 11 773 774 775 776 777 778 779 780 781 782 783
181 80 790 3 784 785 786
182 80 488 3 787 788 789
183 80 685 6 790 791 792 793 794 795
184 80 942 5 796 797 798 799 800
185 80 803 11 801 802 803 804 805 806 807 808 809 810 811
186 80 824 3 812 813 814
187 80 940 5 815 816 817 818 819
188 80 251 3 820 821 822
189 80 748 8 823 824 825 826 827 828 829 830
190 80 701 3 831 832 833
191 80 750 1 834
192 80 866 1 835
193 80 385 11 836 837 838 839 840 841 842 843 844 845 846
194 80 941 8 847 848 849 850 851 852 853 854
195 80 283 3 855 856 857
196 80 746 1 858
197 80 632 3 859 860 861
198 80 276 7 862 863 864 865 866 867 868
199 192 82 7 869 870 871 872 873 874 875
200 192 243 3 876 877 878
201 192 100 3 879 880 881
202 192 114 6 882 883 884 885 886 887
203 192 167 3 888 889 890
204 192 76 1 891
205 192 488 7 892 893 894 895 896 897 898
206 192 942 1 899
207 192 264 3 900 901 902
208 192 182 3 903 904 905
209 192 418 3 906 907 908
210 192 235 3 909 910 911
211 192 940 3 912 913 914
212 192 351 3 915 916 917
213 192 701 3 918 919 920
214 192 866 10 921 922 923 924 925 926 927 928 929 930
215 192 394 3 931 932 933
216 192 629 6 934 935 936 937 938 939
217 192 378 3 940 941 942
218 192 582 3 943 944 945
219 192 746 7 946 947 948 949 950 951 952
220 273 262 1 953
221 273 738 1 954
222 273 193 6 955 956 957 958 959 960
223 273 803 5 961 962 963 964 965
224 273 783 1 966
225 273 251 9 967 968 969 970 971 972 973 974 975
226 273 924 1 976
227 273 385 6 977 978 979 980 981 982
228 273 283 3 983 984 985
229 273 276 1 986
230 225 738 8 987 988 989 990 991 992 993 994
231 225 685 3 995 996 997
232 225 942 3 998 999 1000
233 225 701 3 1001 1002 1003
234 225 866 3 1004 1005 1006
235 225 746 1 1007
236 158 82 7 1008 1009 1010 1011 1012 1013 1014
237 158 243 6 1015 1016 1017 1018 1019 1020
238 158 738 3 1021 1022 1023
239 158 100 3 1024 1025 1026
240 158 114 7 1027 1028 1029 1030 1031 1032 1033
241 158 167 3 1034 1035 1036
242 158 790 1 1037
243 158 76 1 1038
244 158 488 5 1039 1040 1041 1042 1043
245 158 685 3 1044 1045 1046
246 158 942 8 1047 1048 1049 1050 1051 1052 1053 1054
247 158 803 3 1055 1056 1057
248 158 264 3 1058 1059 1060
249 158 182 3 1061 1062 1063
250 158 418 7 1064 1065 1066 1067 1068 1069 1070
251 158 235 3 1071 1072 1073
252 158 824 1 1074
253 158 940 5 1075 1076 1077 1078 1079
254 158 351 3 1080 1081 1082
255 158 748 3 1083 1084 1085
256 158 701 5 1086 1087 1088 1089 1090
257 158 750 5 1091 1092 1093 1094 1095
258 158 866 7 1096 1097 1098 1099 1100 1101 1102
259 158 385 1 1103
260 158 394 3 1104 1105 1106
261 158 629 5 1107 1108 1109 1110 1111
262 158 676 3 1112 1113 1114
263 158 378 3 1115 1116 1117
264 158 941 3 1118 1119 1120
265 158 582 3 1121 1122 1123
266 158 746 5 1124 1125 1126 1127 1128
267 158 632 7 1129 1130 1131 1132 1133 1134 1135
268 158 276 1 1136
269 158 359 1 1137
270 158 371 1 1138
271 440 924 1 1139
272 141 243 2 1140 1141
273 141 924 6 1142 1143 1144 1145 1146 1147
274 141 790 6 1148 1149 1150 1151 1152 1153
275 141 803 10 1154 1155 1156 1157 1158 1159 1160 1161 1162 1163
276 141 824 6 1164 1165 1166 1167 1168 1169
277 141 748 7 1170 1171 1172 1173 1174 1175 1176
278 141 941 7 1177 1178 1179 1180 1181 1182 1183
279 753 243 1 1184
280 753 924 5 1185 1186 1187 1188 1189
281 753 790 3 1190 1191 1192
282 753 803 9 1193 1194 1195 1196 1197 1198 1199 1200 1201
283 753 824 3 1202 1203 1204
284 753 748 3 1205 1206 1207
285 753 941 3 1208 1209 1210
286 692 924 1 1211
287 80 243 7 1212 1213 1214 1215 1216 1217 1218
288 80 738 5 1219 1220 1221 1222 1223
289 80 924 5 1224 1225 1226 1227 1228
290 80 790 8 1229 1230 1231 1232 1233 1234 1235 1236
291 80 488 1 1237
292 80 193 1 1238
293 80 685 1 1239
294 80 803 25 1240 1241 1242 1243 1244 1245 1246 1247 1248 1249 1250 1251 1252 1253 1254 1255 1256 1257 1258 1259 1260 1261 1262 1263 1264
295 80 783 1 1265
296 80 824 8 1266 1267 1268 1269 1270 1271 1272 1273
297 80 940 1 1274
298 80 251 3 1275 1276 1277
299 80 748 13 1278 1279 1280 1281 1282 1283 1284 1285 1286 1287 1288 1289 1290
300 80 385 3 1291 1292 1293
301 80 941 12 1294 1295 1296 1297 1298 1299 1300 1301 1302 1303 1304 1305
302 173 738 3 1306 1307 1308
303 56 243 1 1309
304 56 738 3 1310 1311 1312
305 56 488 3 1313 1314 1315
306 56 685 6 1316 1317 1318 1319 1320 1321
307 56 940 3 1322 1323 1324
308 56 701 5 1325 1326 1327 1328 1329
309 893 924 5 1330 1331 1332 1333 1334
310 893 803 1 1335
311 273 262 1 1336
312 273 738 1 1337
313 273 924 5 1338 1339 1340 1341 1342
314 273 193 6 1343 1344 1345 1346 1347 1348
315 273 803 5 1349 1350 1351 1352 1353
316 273 783 5 1354 1355 1356 1357 1358
317 273 251 3 1359 1360 1361
318 273 385 1 1362
319 225 738 6 1363 1364 1365 1366 1367 1368
320 225 685 3 1369 1370 1371
321 225 701 1 1372
322 20 243 5 1373 1374 1375 1376 1377
323 20 738 12 1378 1379 1380 1381 1382 1383 1384 1385 1386 1387 1388 1389
324 20 790 1 1390
325 20 488 6 1391 1392 1393 1394 1395 1396
326 20 685 10 1397 1398 1399 1400 1401 1402 1403 1404 1405 1406
327 20 803 3 1407 1408 1409
328 20 824 1 1410
329 20 940 9 1411 1412 1413 1414 1415 1416 1417 1418 1419
330 20 748 5 1420 1421 1422 1423 1424
331 20 701 3 1425 1426 1427
332 20 941 5 1428 1429 1430 1431 1432
333 141 243 1 1433
334 141 803 3 1434 1435 1436
335 141 824 3 1437 1438 1439
336 141 748 3 1440 1441 1442
337 141 941 3 1443 1444 1445
338 683 243 1 1446
339 683 838 10 1447 1448 1449 1450 1451 1452 1453 1454 1455 1456
340 683 488 3 1457 1458 1459
341 683 701 6 1460 1461 1462 1463 1464 1465
342 683 1000 3 1466 1467 1468
343 683 940 3 1469 1470 1471
344 1013 243 1 1472
345 1013 838 3 1473 1474 1475
346 1013 488 3 1476 1477 1478
347 1013 685 1 1479
348 1013 701 5 1480 1481 1482 1483 1484
349 1013 1000 5 1485 1486 1487 1488 1489
350 1013 940 3 1490 1491 1492
351 753 243 2 1493 1494
352 753 924 1 1495
353 753 790 6 1496 1497 1498 1499 1500 1501
354 753 803 14 1502 1503 1504 1505 1506 1507 1508 1509 1510 1511 1512 1513 1514 1515
355 753 824 6 1516 1517 1518 1519 1520 1521
356 753 748 9 1522 1523 1524 1525 1526 1527 1528 1529 1530
357 753 941 6 1531 1532 1533 1534 1535 1536
358 737 838 9 1537 1538 1539 1540 1541 1542 1543 1544 1545
359 737 701 1 1546
360 737 1000 1 1547
361 856 243 2 1548 1549
362 856 838 7 1550 1551 1552 1553 1554 1555 1556
363 856 488 6 1557 1558 1559 1560 1561 1562
364 856 701 9 1563 1564 1565 1566 1567 1568 1569 1570 1571
365 856 1000 5 1572 1573 1574 1575 1576
366 856 940 7 1577 1578 1579 1580 1581 1582 1583
367 877 838 1 1584
368 80 243 1 1585
369 80 803 3 1586 1587 1588
370 80 824 3 1589 1590 1591
371 80 748 3 1592 1593 1594
372 80 941 3 1595 1596 1597
373 173 738 3 1598 1599 1600
374 173 685 3 1601 1602 1603
375 56 243 2 1604 1605
376 56 738 1 1606
377 56 838 9 1607 1608 1609 1610 1611 1612 1613 1614 1615
378 56 488 6 1616 1617 1618 1619 1620 1621
379 56 685 6 1622 1623 1624 1625 1626 1627
380 56 701 13 1628 1629 1630 1631 1632 1633 1634 1635 1636 1637 1638 1639 1640
381 56 1000 5 1641 1642 1643 1644 1645
382 56 940 6 1646 1647 1648 1649 1650 1651
383 696 243 6 1652 1653 1654 1655 1656 1657
384 696 838 1 1658
385 696 790 3 1659 1660 1661
386 696 488 3 1662 1663 1664
387 696 685 9 1665 1666 1667 1668 1669 1670 1671 1672 1673
388 696 803 1 1674
389 696 701 7 1675 1676 1677 1678 1679 1680 1681
390 696 1000 6 1682 1683 1684 1685 1686 1687
391 696 824 3 1688 1689 1690
392 696 940 6 1691 1692 1693 1694 1695 1696
393 696 748 9 1697 1698 1699 1700 1701 1702 1703 1704 1705
394 696 941 6 1706 1707 1708 1709 1710 1711
395 893 924 3 1712 1713 1714
396 893 803 4 1715 1716 1717 1718
397 893 748 1 1719
398 889 838 10 1720 1721 1722 1723 1724 1725 1726 1727 1728 1729
399 889 701 3 1730 1731 1732
400 889 1000 3 1733 1734 1735
401 225 738 5 1736 1737 1738 1739 1740
402 225 838 6 1741 1742 1743 1744 1745 1746
403 225 685 14 1747 1748 1749 1750 1751 1752 1753 1754 1755 1756 1757 1758 1759 1760
404 225 701 3 1761 1762 1763
405 225 1000 5 1764 1765 1766 1767 1768
406 20 243 6 1769 1770 1771 1772 1773 1774
407 20 738 5 1775 1776 1777 1778 1779
408 20 838 1 1780
409 20 790 3 1781 1782 1783
410 20 488 3 1784 1785 1786
411 20 685 18 1787 1788 1789 1790 1791 1792 1793 1794 1795 1796 1797 1798 1799 1800 1801 1802 1803 1804
412 20 803 5 1805 1806 1807 1808 1809
413 20 701 5 1810 1811 1812 1813 1814
414 20 1000 5 1815 1816 1817 1818 1819
415 20 824 3 1820 1821 1822
416 20 940 6 1823 1824 1825 1826 1827 1828
417 20 748 10 1829 1830 1831 1832 1833 1834 1835 1836 1837 1838
418 20 941 6 1839 1840 1841 1842 1843 1844
419 158 82 1 1845
420 158 418 5 1846 1847 1848 1849 1850
421 158 114 3 1851 1852 1853
422 158 629 1 1854
423 158 676 6 1855 1856 1857 1858 1859 1860
424 158 942 5 1861 1862 1863 1864 1865
425 158 866 1 1866
426 158 359 1 1867
427 158 750 13 1868 1869 1870 1871 1872 1873 1874 1875 1876 1877 1878 1879 1880
428 158 371 1 1881
429 158 632 3 1882 1883 1884
430 20 738 5 1885 1886 1887 1888 1889
431 20 942 6 1890 1891 1892 1893 1894 1895
432 192 82 3 1896 1897 1898
433 192 418 14 1899 1900 1901 1902 1903 1904 1905 1906 1907 1908 1909 1910 1911 1912
434 192 114 10 1913 1914 1915 1916 1917 1918 1919 1920 1921 1922
435 192 629 5 1923 1924 1925 1926 1927
436 192 676 3 1928 1929 1930
437 192 942 12 1931 1932 1933 1934 1935 1936 1937 1938 1939 1940 1941 1942
438 192 866 9 1943 1944 1945 1946 1947 1948 1949 1950 1951
439 192 750 7 1952 1953 1954 1955 1956 1957 1958
440 80 738 5 1959 1960 1961 1962 1963
441 80 942 9 1964 1965 1966 1967 1968 1969 1970 1971 1972
442 80 803 1 1973
443 80 750 10 1974 1975 1976 1977 1978 1979 1980 1981 1982 1983
444 80 385 1 1984
445 80 276 5 1985 1986 1987 1988 1989
446 80 632 5 1990 1991 1992 1993 1994
447 56 738 1 1995
448 56 942 14 1996 1997 1998 1999 2000 2001 2002 2003 2004 2005 2006 2007 2008 2009
449 56 866 3 2010 2011 2012
450 173 738 3 2013 2014 2015
451 173 942 1 2016
452 402 82 1 2017
453 402 418 4 2018 2019 2020 2021
454 402 114 3 2022 2023 2024
455 402 629 1 2025
456 402 676 1 2026
457 402 942 2 2027 2028
458 402 866 1 2029
459 402 750 2 2030 2031
460 273 262 3 2032 2033 2034
461 273 738 3 2035 2036 2037
462 273 193 3 2038 2039 2040
463 273 460 1 2041
464 273 942 1 2042
465 273 803 3 2043 2044 2045
466 273 783 1 2046
467 273 251 3 2047 2048 2049
468 273 283 5 2050 2051 2052 2053 2054
469 273 750 3 2055 2056 2057
470 273 924 1 2058
471 273 385 3 2059 2060 2061
472 273 276 6 2062 2063 2064 2065 2066 2067
473 273 632 3 2068 2069 2070
474 225 738 5 2071 2072 2073 2074 2075
475 225 942 8 2076 2077 2078 2079 2080 2081 2082 2083
476 225 866 1 2084
477 158 82 5 2085 2086 2087 2088 2089
478 158 243 5 2090 2091 2092 2093 2094
479 158 100 3 2095 2096 2097
480 158 114 5 2098 2099 2100 2101 2102
481 158 790 6 2103 2104 2105 2106 2107 2108
482 158 76 3 2109 2110 2111
483 158 488 1 2112
484 158 385 7 2113 2114 2115 2116 2117 2118 2119
485 158 264 3 2120 2121 2122
486 158 418 5 2123 2124 2125 2126 2127
487 158 770 3 2128 2129 2130
488 158 824 6 2131 2132 2133 2134 2135 2136
489 158 435 1 2137
490 158 276 12 2138 2139 2140 2141 2142 2143 2144 2145 2146 2147 2148 2149
491 158 803 3 2150 2151 2152
492 158 676 5 2153 2154 2155 2156 2157
493 158 941 3 2158 2159 2160
494 158 63 3 2161 2162 2163
495 158 359 6 2164 2165 2166 2167 2168 2169
496 158 632 5 2170 2171 2172 2173 2174
497 158 748 3 2175 2176 2177
498 158 750 1 2178
499 158 371 7 2179 2180 2181 2182 2183 2184 2185
500 323 82 3 2186 2187 2188
501 323 243 3 2189 2190 2191
502 323 251 1 2192
503 323 100 3 2193 2194 2195
504 323 114 1 2196
505 323 790 6 2197 2198 2199 2200 2201 2202
506 323 76 5 2203 2204 2205 2206 2207
507 323 385 7 2208 2209 2210 2211 2212 2213 2214
508 323 264 3 2215 2216 2217
509 323 418 1 2218
510 323 770 8 2219 2220 2221 2222 2223 2224 2225 2226
511 323 824 1 2227
512 323 435 6 2228 2229 2230 2231 2232 2233
513 323 276 6 2234 2235 2236 2237 2238 2239
514 323 676 1 2240
515 323 63 6 2241 2242 2243 2244 2245 2246
516 323 359 3 2247 2248 2249
517 323 371 1 2250
518 80 243 2 2251 2252
519 80 251 14 2253 2254 2255 2256 2257 2258 2259 2260 2261 2262 2263 2264 2265 2266
520 80 790 6 2267 2268 2269 2270 2271 2272
521 80 193 1 2273
522 80 385 12 2274 2275 2276 2277 2278 2279 2280 2281 2282 2283 2284 2285
523 80 283 5 2286 2287 2288 2289 2290
524 80 770 1 2291
525 80 824 8 2292 2293 2294 2295 2296 2297 2298 2299
526 80 276 10 2300 2301 2302 2303 2304 2305 2306 2307 2308 2309
527 80 803 6 2310 2311 2312 2313 2314 2315
528 80 941 6 2316 2317 2318 2319 2320 2321
529 80 632 1 2322
530 80 748 5 2323 2324 2325 2326 2327
531 273 251 6 2328 2329 2330 2331 2332 2333
532 273 262 1 2334
533 273 193 5 2335 2336 2337 2338 2339
534 273 283 1 2340
535 141 243 1 2341
536 141 251 5 2342 2343 2344 2345 2346
537 141 790 5 2347 2348 2349 2350 2351
538 141 385 13 2352 2353 2354 2355 2356 2357 2358 2359 2360 2361 2362 2363 2364
539 141 283 1 2365
540 141 770 6 2366 2367 2368 2369 2370 2371
541 141 824 6 2372 2373 2374 2375 2376 2377
542 141 276 3 2378 2379 2380
543 141 803 1 2381
544 141 941 1 2382
545 141 748 1 2383
546 317 315 1 2384
547 531 82 1 2385
548 531 111 2 2386 2387
549 531 114 5 2388 2389 2390 2391 2392
550 531 315 14 2393 2394 2395 2396 2397 2398 2399 2400 2401 2402 2403 2404 2405 2406
551 531 418 1 2407
552 531 158 3 2408 2409 2410
553 531 470 3 2411 2412 2413
554 356 82 3 2414 2415 2416
555 356 629 3 2417 2418 2419
556 356 114 16 2420 2421 2422 2423 2424 2425 2426 2427 2428 2429 2430 2431 2432 2433 2434 2435
557 356 315 6 2436 2437 2438 2439 2440 2441
558 356 418 15 2442 2443 2444 2445 2446 2447 2448 2449 2450 2451 2452 2453 2454 2455 2456
559 356 158 3 2457 2458 2459
560 356 470 10 2460 2461 2462 2463 2464 2465 2466 2467 2468 2469
561 150 629 3 2470 2471 2472
562 150 114 6 2473 2474 2475 2476 2477 2478
563 150 315 9 2479 2480 2481 2482 2483 2484 2485 2486 2487
564 150 418 9 2488 2489 2490 2491 2492 2493 2494 2495 2496
565 150 158 3 2497 2498 2499
566 150 470 3 2500 2501 2502
567 506 111 1 2503
568 506 315 3 2504 2505 2506
569 402 82 1 2507
570 402 629 1 2508
571 402 114 3 2509 2510 2511
572 402 418 5 2512 2513 2514 2515 2516
573 402 470 1 2517
574 231 629 3 2518 2519 2520
575 231 114 4 2521 2522 2523 2524
576 231 315 3 2525 2526 2527
577 231 418 9 2528 2529 2530 2531 2532 2533 2534 2535 2536
578 231 158 1 2537
579 231 470 3 2538 2539 2540
580 356 82 3 2541 2542 2543
581 356 114 6 2544 2545 2546 2547 2548 2549
582 356 235 1 2550
583 764 82 9 2551 2552 2553 2554 2555 2556 2557 2558 2559
584 764 394 1 2560
585 764 100 3 2561 2562 2563
586 764 114 3 2564 2565 2566
587 764 167 3 2567 2568 2569
588 764 182 5 2570 2571 2572 2573 2574
589 764 235 3 2575 2576 2577
590 150 82 2 2578 2579
591 150 114 13 2580 2581 2582 2583 2584 2585 2586 2587 2588 2589 2590 2591 2592
592 150 235 5 2593 2594 2595 2596 2597
593 680 82 6 2598 2599 2600 2601 2602 2603
594 680 394 1 2604
595 680 100 1 2605
596 680 114 3 2606 2607 2608
597 680 167 6 2609 2610 2611 2612 2613 2614
598 680 182 5 2615 2616 2617 2618 2619
599 680 235 6 2620 2621 2622 2623 2624 2625
600 231 629 1 2626
601 231 114 3 2627 2628 2629
602 231 378 2 2630 2631
603 231 235 5 2632 2633 2634 2635 2636
604 743 82 1 2637
605 743 111 3 2638 2639 2640
606 743 418 6 2641 2642 2643 2644 2645 2646
607 743 114 5 2647 2648 2649 2650 2651
608 743 216 3 2652 2653 2654
609 743 315 5 2655 2656 2657 2658 2659
610 743 470 7 2660 2661 2662 2663 2664 2665 2666
611 743 676 1 2667
612 743 158 1 2668
613 743 611 9 2669 2670 2671 2672 2673 2674 2675 2676 2677
614 531 82 1 2678
615 531 111 1 2679
616 531 418 3 2680 2681 2682
617 531 114 5 2683 2684 2685 2686 2687
618 531 315 6 2688 2689 2690 2691 2692 2693
619 531 470 12 2694 2695 2696 2697 2698 2699 2700 2701 2702 2703 2704 2705
620 531 158 1 2706
621 531 611 1 2707
622 450 632 8 2708 2709 2710 2711 2712 2713 2714 2715
623 450 676 1 2716
624 450 750 3 2717 2718 2719
625 450 371 5 2720 2721 2722 2723 2724
626 450 359 3 2725 2726 2727
627 356 82 1 2728
628 356 418 3 2729 2730 2731
629 356 114 3 2732 2733 2734
630 356 470 6 2735 2736 2737 2738 2739 2740
631 356 611 1 2741
632 443 82 2 2742 2743
633 443 418 9 2744 2745 2746 2747 2748 2749 2750 2751 2752
634 443 632 1 2753
635 443 114 7 2754 2755 2756 2757 2758 2759 2760
636 443 216 3 2761 2762 2763
637 443 470 1 2764
638 443 676 19 2765 2766 2767 2768 2769 2770 2771 2772 2773 2774 2775 2776 2777 2778 2779 2780 2781 2782 2783
639 443 750 6 2784 2785 2786 2787 2788 2789
640 443 371 3 2790 2791 2792
641 443 62 1 2793
642 443 611 9 2794 2795 2796 2797 2798 2799 2800 2801 2802
643 443 359 8 2803 2804 2805 2806 2807 2808 2809 2810
644 500 632 1 2811
645 402 82 2 2812 2813
646 402 418 9 2814 2815 2816 2817 2818 2819 2820 2821 2822
647 402 114 6 2823 2824 2825 2826 2827 2828
648 402 470 4 2829 2830 2831 2832
649 402 676 3 2833 2834 2835
650 402 750 1 2836
651 402 611 3 2837 2838 2839
652 692 251 3 2840 2841 2842
653 692 924 5 2843 2844 2845 2846 2847
654 692 193 3 2848 2849 2850
655 692 385 1 2851
656 692 783 3 2852 2853 2854
657 692 803 1 2855
658 440 251 3 2856 2857 2858
659 440 924 6 2859 2860 2861 2862 2863 2864
660 440 193 3 2865 2866 2867
661 440 385 1 2868
662 440 783 3 2869 2870 2871
663 440 803 1 2872
664 753 243 1 2873
665 753 251 1 2874
666 753 924 1 2875
667 753 790 5 2876 2877 2878 2879 2880
668 753 385 7 2881 2882 2883 2884 2885 2886 2887
669 753 803 9 2888 2889 2890 2891 2892 2893 2894 2895 2896
670 753 770 4 2897 2898 2899 2900
671 753 824 6 2901 2902 2903 2904 2905 2906
672 753 748 3 2907 2908 2909
673 753 941 3 2910 2911 2912
674 80 243 1 2913
675 80 251 10 2914 2915 2916 2917 2918 2919 2920 2921 2922 2923
676 80 924 6 2924 2925 2926 2927 2928 2929
677 80 790 3 2930 2931 2932
678 80 193 9 2933 2934 2935 2936 2937 2938 2939 2940 2941
679 80 385 3 2942 2943 2944
680 80 783 5 2945 2946 2947 2948 2949
681 80 803 5 2950 2951 2952 2953 2954
682 80 824 3 2955 2956 2957
683 80 748 3 2958 2959 2960
684 80 941 3 2961 2962 2963
685 893 251 4 2964 2965 2966 2967
686 893 924 9 2968 2969 2970 2971 2972 2973 2974 2975 2976
687 893 193 1 2977
688 893 385 6 2978 2979 2980 2981 2982 2983
689 893 783 1 2984
690 893 803 8 2985 2986 2987 2988 2989 2990 2991 2992
691 273 251 1 2993
692 273 262 1 2994
693 273 924 1 2995
694 273 193 8 2996 2997 2998 2999 3000 3001 3002 3003
695 273 783 3 3004 3005 3006
696 141 243 2 3007 3008
697 141 251 7 3009 3010 3011 3012 3013 3014 3015
698 141 924 9 3016 3017 3018 3019 3020 3021 3022 3023 3024
699 141 790 8 3025 3026 3027 3028 3029 3030 3031 3032
700 141 193 3 3033 3034 3035
701 141 385 9 3036 3037 3038 3039 3040 3041 3042 3043 3044
702 141 783 3 3045 3046 3047
703 141 803 11 3048 3049 3050 3051 3052 3053 3054 3055 3056 3057 3058
704 141 770 4 3059 3060 3061 3062
705 141 824 10 3063 3064 3065 3066 3067 3068 3069 3070 3071 3072
706 141 748 5 3073 3074 3075 3076 3077
707 141 941 5 3078 3079 3080 3081 3082
708 730 111 1 3083
709 730 854 3 3084 3085 3086
710 730 315 3 3087 3088 3089
711 730 730 3 3090 3091 3092
712 534 470 5 3093 3094 3095 3096 3097
713 534 315 3 3098 3099 3100
714 534 730 1 3101
715 317 315 9 3102 3103 3104 3105 3106 3107 3108 3109 3110
716 317 730 6 3111 3112 3113 3114 3115 3116
717 535 111 1 3117
718 535 854 3 3118 3119 3120
719 535 315 3 3121 3122 3123
720 535 730 3 3124 3125 3126
721 742 111 1 3127
722 742 854 3 3128 3129 3130
723 742 315 3 3131 3132 3133
724 742 730 5 3134 3135 3136 3137 3138
725 150 315 1 3139
726 381 470 5 3140 3141 3142 3143 3144
727 381 315 17 3145 3146 3147 3148 3149 3150 3151 3152 3153 3154 3155 3156 3157 3158 3159 3160 3161
728 381 730 7 3162 3163 3164 3165 3166 3167 3168
729 908 111 5 3169 3170 3171 3172 3173
730 908 854 8 3174 3175 3176 3177 3178 3179 3180 3181
731 908 116 1 3182
732 908 315 6 3183 3184 3185 3186 3187 3188
733 908 730 6 3189 3190 3191 3192 3193 3194
734 908 726 1 3195
735 586 470 1 3196
736 506 111 3 3197 3198 3199
737 506 854 3 3200 3201 3202
738 506 315 13 3203 3204 3205 3206 3207 3208 3209 3210 3211 3212 3213 3214 3215
739 506 730 14 3216 3217 3218 3219 3220 3221 3222 3223 3224 3225 3226 3227 3228 3229
740 231 470 5 3230 3231 3232 3233 3234
741 231 629 1 3235
742 231 315 12 3236 3237 3238 3239 3240 3241 3242 3243 3244 3245 3246 3247
743 231 418 2 3248 3249
744 231 730 1 3250
745 534 470 3 3251 3252 3253
746 317 470 3 3254 3255 3256
747 317 315 9 3257 3258 3259 3260 3261 3262 3263 3264 3265
748 531 111 1 3266
749 531 470 3 3267 3268 3269
750 531 315 6 3270 3271 3272 3273 3274 3275
751 356 470 12 3276 3277 3278 3279 3280 3281 3282 3283 3284 3285 3286 3287
752 356 629 3 3288 3289 3290
753 356 315 1 3291
754 356 418 3 3292 3293 3294
755 150 470 12 3295 3296 3297 3298 3299 3300 3301 3302 3303 3304 3305 3306
756 150 629 3 3307 3308 3309
757 150 315 6 3310 3311 3312 3313 3314 3315
758 150 418 3 3316 3317 3318
759 381 470 10 3319 3320 3321 3322 3323 3324 3325 3326 3327 3328
760 381 315 3 3329 3330 3331
761 506 111 2 3332 3333
762 506 470 1 3334
763 506 315 10 3335 3336 3337 3338 3339 3340 3341 3342 3343 3344
764 402 470 2 3345 3346
765 402 629 1 3347
766 402 418 1 3348
767 231 470 12 3349 3350 3351 3352 3353 3354 3355 3356 3357 3358 3359 3360
768 231 629 3 3361 3362 3363
769 231 315 3 3364 3365 3366
770 231 418 3 3367 3368 3369
771 231 470 3 3370 3371 3372
772 231 611 3 3373 3374 3375
773 381 470 12 3376 3377 3378 3379 3380 3381 3382 3383 3384 3385 3386 3387
774 381 611 6 3388 3389 3390 3391 3392 3393
775 150 470 6 3394 3395 3396 3397 3398 3399
776 150 611 6 3400 3401 3402 3403 3404 3405
777 743 111 3 3406 3407 3408
778 743 470 1 3409
779 743 216 6 3410 3411 3412 3413 3414 3415
780 743 315 1 3416
781 743 611 5 3417 3418 3419 3420 3421
782 534 470 6 3422 3423 3424 3425 3426 3427
783 534 611 1 3428
784 317 470 11 3429 3430 3431 3432 3433 3434 3435 3436 3437 3438 3439
785 317 315 3 3440 3441 3442
786 317 611 3 3443 3444 3445
787 531 111 7 3446 3447 3448 3449 3450 3451 3452
788 531 470 9 3453 3454 3455 3456 3457 3458 3459 3460 3461
789 531 216 3 3462 3463 3464
790 531 315 5 3465 3466 3467 3468 3469
791 531 611 9 3470 3471 3472 3473 3474 3475 3476 3477 3478
792 450 632 6 3479 3480 3481 3482 3483 3484
793 450 216 1 3485
794 450 676 5 3486 3487 3488 3489 3490
795 450 611 3 3491 3492 3493
796 450 750 6 3494 3495 3496 3497 3498 3499
797 450 371 1 3500
798 450 62 1 3501
799 450 359 5 3502 3503 3504 3505 3506
800 356 470 9 3507 3508 3509 3510 3511 3512 3513 3514 3515
801 356 611 8 3516 3517 3518 3519 3520 3521 3522 3523
802 443 216 5 3524 3525 3526 3527 3528
803 443 676 5 3529 3530 3531 3532 3533
804 443 611 13 3534 3535 3536 3537 3538 3539 3540 3541 3542 3543 3544 3545 3546
805 443 750 3 3547 3548 3549
806 443 62 3 3550 3551 3552
807 443 359 3 3553 3554 3555
808 506 111 3 3556 3557 3558
809 506 470 6 3559 3560 3561 3562 3563 3564
810 506 216 1 3565
811 506 315 5 3566 3567 3568 3569 3570
812 506 611 3 3571 3572 3573
813 500 632 1 3574
814 402 470 2 3575 3576
815 402 676 1 3577
816 402 611 7 3578 3579 3580 3581 3582 3583 3584
817 402 750 1 3585
818 768 394 1 3586
819 768 912 3 3587 3588 3589
820 768 167 3 3590 3591 3592
821 768 182 3 3593 3594 3595
822 768 860 5 3596 3597 3598 3599 3600
823 768 364 9 3601 3602 3603 3604 3605 3606 3607 3608 3609
824 768 235 5 3610 3611 3612 3613 3614
825 821 82 3 3615 3616 3617
826 821 394 1 3618
827 821 100 1 3619
828 821 167 9 3620 3621 3622 3623 3624 3625 3626 3627 3628
829 821 182 5 3629 3630 3631 3632 3633
830 821 235 1 3634
831 944 860 1 3635
832 916 394 2 3636 3637
833 916 912 3 3638 3639 3640
834 916 167 8 3641 3642 3643 3644 3645 3646 3647 3648
835 916 182 6 3649 3650 3651 3652 3653 3654
836 916 364 6 3655 3656 3657 3658 3659 3660
837 916 235 11 3661 3662 3663 3664 3665 3666 3667 3668 3669 3670 3671
838 680 82 8 3672 3673 3674 3675 3676 3677 3678 3679
839 680 394 2 3680 3681
840 680 100 1 3682
841 680 114 3 3683 3684 3685
842 680 167 13 3686 3687 3688 3689 3690 3691 3692 3693 3694 3695 3696 3697 3698
843 680 182 9 3699 3700 3701 3702 3703 3704 3705 3706 3707
844 680 860 3 3708 3709 3710
845 680 364 6 3711 3712 3713 3714 3715 3716
846 680 235 15 3717 3718 3719 3720 3721 3722 3723 3724 3725 3726 3727 3728 3729 3730 3731
847 231 114 1 3732
848 231 378 3 3733 3734 3735
849 231 860 3 3736 3737 3738
850 231 364 3 3739 3740 3741
851 231 235 8 3742 3743 3744 3745 3746 3747 3748 3749
852 150 82 1 3750
853 150 114 5 3751 3752 3753 3754 3755
854 150 860 3 3756 3757 3758
855 150 364 6 3759 3760 3761 3762 3763 3764
856 150 235 9 3765 3766 3767 3768 3769 3770 3771 3772 3773
857 743 82 1 3774
858 743 111 3 3775 3776 3777
859 743 435 1 3778
860 743 114 5 3779 3780 3781 3782 3783
861 743 216 9 3784 3785 3786 3787 3788 3789 3790 3791 3792
862 743 315 3 3793 3794 3795
863 743 359 5 3796 3797 3798 3799 3800
864 743 158 1 3801
865 743 418 6 3802 3803 3804 3805 3806 3807
866 743 62 3 3808 3809 3810
867 743 611 5 3811 3812 3813 3814 3815
868 743 470 3 3816 3817 3818
869 743 676 6 3819 3820 3821 3822 3823 3824
870 443 82 1 3825
871 443 435 2 3826 3827
872 443 114 3 3828 3829 3830
873 443 216 3 3831 3832 3833
874 443 359 17 3834 3835 3836 3837 3838 3839 3840 3841 3842 3843 3844 3845 3846 3847 3848 3849 3850
875 443 371 1 3851
876 443 418 3 3852 3853 3854
877 443 62 3 3855 3856 3857
878 443 611 1 3858
879 443 676 5 3859 3860 3861 3862 3863
880 450 435 1 3864
881 450 632 3 3865 3866 3867
882 450 359 5 3868 3869 3870 3871 3872
883 450 371 6 3873 3874 3875 3876 3877 3878
884 500 632 1 3879
885 746 283 1 3880
886 339 283 1 3881
887 956 28 1 3882
888 956 215 3 3883 3884 3885
889 956 74 3 3886 3887 3888
890 956 283 3 3889 3890 3891
891 621 435 5 3892 3893 3894 3895 3896
892 621 63 17 3897 3898 3899 3900 3901 3902 3903 3904 3905 3906 3907 3908 3909 3910 3911 3912 3913
893 621 359 1 3914
894 621 276 10 3915 3916 3917 3918 3919 3920 3921 3922 3923 3924
895 621 371 3 3925 3926 3927
896 621 283 3 3928 3929 3930
897 440 283 1 3931
898 323 63 6 3932 3933 3934 3935 3936 3937
899 323 276 11 3938 3939 3940 3941 3942 3943 3944 3945 3946 3947 3948
900 323 371 1 3949
901 323 283 3 3950 3951 3952
902 986 28 2 3953 3954
903 986 435 1 3955
904 986 215 6 3956 3957 3958 3959 3960 3961
905 986 63 9 3962 3963 3964 3965 3966 3967 3968 3969 3970
906 986 276 3 3971 3972 3973
907 986 74 11 3974 3975 3976 3977 3978 3979 3980 3981 3982 3983 3984
908 986 283 7 3985 3986 3987 3988 3989 3990 3991
909 468 435 3 3992 3993 3994
910 468 632 7 3995 3996 3997 3998 3999 4000 4001
911 468 63 8 4002 4003 4004 4005 4006 4007 4008 4009
912 468 359 3 4010 4011 4012
913 468 276 3 4013 4014 4015
914 468 371 12 4016 4017 4018 4019 4020 4021 4022 4023 4024 4025 4026 4027
915 141 276 3 4028 4029 4030
916 141 283 6 4031 4032 4033 4034 4035 4036
917 158 632 6 4037 4038 4039 4040 4041 4042
918 158 63 3 4043 4044 4045
919 158 276 12 4046 4047 4048 4049 4050 4051 4052 4053 4054 4055 4056 4057
920 158 371 3 4058 4059 4060
921 596 28 1 4061
922 596 215 3 4062 4063 4064
923 596 63 3 4065 4066 4067
924 596 74 3 4068 4069 4070
925 875 28 2 4071 4072
926 875 435 1 4073
927 875 215 7 4074 4075 4076 4077 4078 4079 4080
928 875 63 9 4081 4082 4083 4084 4085 4086 4087 4088 4089
929 875 74 7 4090 4091 4092 4093 4094 4095 4096
930 450 435 4 4097 4098 4099 4100
931 450 632 5 4101 4102 4103 4104 4105
932 450 63 3 4106 4107 4108
933 450 359 6 4109 4110 4111 4112 4113 4114
934 450 371 15 4115 4116 4117 4118 4119 4120 4121 4122 4123 4124 4125 4126 4127 4128 4129
935 80 632 3 4130 4131 4132
936 80 276 14 4133 4134 4135 4136 4137 4138 4139 4140 4141 4142 4143 4144 4145 4146
937 80 283 5 4147 4148 4149 4150 4151
938 497 435 3 4152 4153 4154
939 497 63 3 4155 4156 4157
940 497 359 3 4158 4159 4160
941 497 371 6 4161 4162 4163 4164 4165 4166
942 272 435 3 4167 4168 4169
943 272 63 10 4170 4171 4172 4173 4174 4175 4176 4177 4178 4179
944 272 359 1 4180
945 272 371 3 4181 4182 4183
946 500 632 3 4184 4185 4186
947 500 371 1 4187
948 273 262 1 4188
949 273 632 1 4189
950 273 460 3 4190 4191 4192
951 273 276 2 4193 4194
952 273 283 5 4195 4196 4197 4198 4199
953 743 62 6 4200 4201 4202 4203 4204 4205
954 743 111 1 4206
955 743 435 1 4207
956 743 216 6 4208 4209 4210 4211 4212 4213
957 743 359 3 4214 4215 4216
958 443 62 6 4217 4218 4219 4220 4221 4222
959 443 435 1 4223
960 443 216 1 4224
961 443 359 5 4225 4226 4227 4228 4229
962 784 62 6 4230 4231 4232 4233 4234 4235
963 784 111 1 4236
964 784 435 1 4237
965 784 216 3 4238 4239 4240
966 784 359 3 4241 4242 4243
967 450 62 1 4244
968 450 435 2 4245 4246
969 450 632 3 4247 4248 4249
970 450 359 13 4250 4251 4252 4253 4254 4255 4256 4257 4258 4259 4260 4261 4262
971 450 371 8 4263 4264 4265 4266 4267 4268 4269 4270
972 497 62 3 4271 4272 4273
973 497 435 1 4274
974 497 359 8 4275 4276 4277 4278 4279 4280 4281 4282
975 497 371 1 4283
976 558 62 3 4284 4285 4286
977 558 435 1 4287
978 558 359 3 4288 4289 4290
979 500 632 3 4291 4292 4293
980 500 371 1 4294
981 238 62 3 4295 4296 4297
982 238 435 1 4298
983 238 359 3 4299 4300 4301
984 956 28 1 4302
985 956 251 1 4303
986 956 215 3 4304 4305 4306
987 956 283 6 4307 4308 4309 4310 4311 4312
988 956 74 4 4313 4314 4315 4316
989 986 28 1 4317
990 986 251 1 4318
991 986 435 1 4319
992 986 215 3 4320 4321 4322
993 986 283 9 4323 4324 4325 4326 4327 4328 4329 4330 4331
994 986 63 6 4332 4333 4334 4335 4336 4337
995 986 74 7 4338 4339 4340 4341 4342 4343 4344
996 986 276 3 4345 4346 4347
997 746 251 1 4348
998 746 283 3 4349 4350 4351
999 621 251 1 4352
1000 621 435 1 4353
1001 621 283 5 4354 4355 4356 4357 4358
1002 621 63 6 4359 4360 4361 4362 4363 4364
1003 621 276 7 4365 4366 4367 4368 4369 4370 4371
1004 339 251 1 4372
1005 339 283 3 4373 4374 4375
1006 158 276 1 4376
1007 323 251 1 4377
1008 323 283 5 4378 4379 4380 4381 4382
1009 323 63 1 4383
1010 323 276 10 4384 4385 4386 4387 4388 4389 4390 4391 4392 4393
1011 440 251 1 4394
1012 440 283 3 4395 4396 4397
1013 80 251 5 4398 4399 4400 4401 4402
1014 80 262 1 4403
1015 80 193 3 4404 4405 4406
1016 80 283 14 4407 4408 4409 4410 4411 4412 4413 4414 4415 4416 4417 4418 4419 4420
1017 80 460 1 4421
1018 80 276 3 4422 4423 4424
1019 273 251 1 4425
1020 273 262 5 4426 4427 4428 4429 4430
1021 273 193 3 4431 4432 4433
1022 273 283 5 4434 4435 4436 4437 4438
1023 273 460 5 4439 4440 4441 4442 4443
1024 141 251 4 4444 4445 4446 4447
1025 141 283 13 4448 4449 4450 4451 4452 4453 4454 4455 4456 4457 4458 4459 4460
1026 141 276 3 4461 4462 4463
1027 621 82 1 4464
1028 621 418 3 4465 4466 4467
1029 621 435 3 4468 4469 4470
1030 621 114 3 4471 4472 4473
1031 621 676 3 4474 4475 4476
1032 621 63 3 4477 4478 4479
1033 621 359 7 4480 4481 4482 4483 4484 4485 4486
1034 621 371 6 4487 4488 4489 4490 4491 4492
1035 443 82 1 4493
1036 443 418 3 4494 4495 4496
1037 443 435 1 4497
1038 443 114 3 4498 4499 4500
1039 443 676 10 4501 4502 4503 4504 4505 4506 4507 4508 4509 4510
1040 443 359 5 4511 4512 4513 4514 4515
1041 443 750 3 4516 4517 4518
1042 443 371 1 4519
1043 443 632 1 4520
1044 80 283 3 4521 4522 4523
1045 80 750 3 4524 4525 4526
1046 80 276 8 4527 4528 4529 4530 4531 4532 4533 4534
1047 80 632 9 4535 4536 4537 4538 4539 4540 4541 4542 4543
1048 468 82 1 4544
1049 468 418 3 4545 4546 4547
1050 468 435 1 4548
1051 468 114 3 4549 4550 4551
1052 468 676 5 4552 4553 4554 4555 4556
1053 468 359 8 4557 4558 4559 4560 4561 4562 4563 4564
1054 468 750 3 4565 4566 4567
1055 468 371 6 4568 4569 4570 4571 4572 4573
1056 468 632 3 4574 4575 4576
1057 323 82 1 4577
1058 323 418 3 4578 4579 4580
1059 323 114 3 4581 4582 4583
1060 323 676 3 4584 4585 4586
1061 323 63 6 4587 4588 4589 4590 4591 4592
1062 323 359 3 4593 4594 4595
1063 323 371 5 4596 4597 4598 4599 4600
1064 323 276 1 4601
1065 192 82 1 4602
1066 192 418 3 4603 4604 4605
1067 192 114 3 4606 4607 4608
1068 192 676 3 4609 4610 4611
1069 192 750 3 4612 4613 4614
1070 402 82 2 4615 4616
1071 402 418 7 4617 4618 4619 4620 4621 4622 4623
1072 402 114 7 4624 4625 4626 4627 4628 4629 4630
1073 402 676 7 4631 4632 4633 4634 4635 4636 4637
1074 402 750 3 4638 4639 4640
1075 273 262 3 4641 4642 4643
1076 273 460 3 4644 4645 4646
1077 273 283 11 4647 4648 4649 4650 4651 4652 4653 4654 4655 4656 4657
1078 273 750 1 4658
1079 273 276 2 4659 4660
1080 273 632 3 4661 4662 4663
1081 158 82 3 4664 4665 4666
1082 158 418 11 4667 4668 4669 4670 4671 4672 4673 4674 4675 4676 4677
1083 158 114 10 4678 4679 4680 4681 4682 4683 4684 4685 4686 4687
1084 158 676 13 4688 4689 4690 4691 4692 4693 4694 4695 4696 4697 4698 4699 4700
1085 158 63 3 4701 4702 4703
1086 158 359 6 4704 4705 4706 4707 4708 4709
1087 158 750 9 4710 4711 4712 4713 4714 4715 4716 4717 4718
1088 158 371 12 4719 4720 4721 4722 4723 4724 4725 4726 4727 4728 4729 4730
1089 158 276 5 4731 4732 4733 4734 4735
1090 158 632 15 4736 4737 4738 4739 4740 4741 4742 4743 4744 4745 4746 4747 4748 4749 4750
1091 781 82 5 4751 4752 4753 4754 4755
1092 781 243 3 4756 4757 4758
1093 781 394 9 4759 4760 4761 4762 4763 4764 4765 4766 4767
1094 781 100 6 4768 4769 4770 4771 4772 4773
1095 781 167 3 4774 4775 4776
1096 781 76 1 4777
1097 781 488 3 4778 4779 4780
1098 781 351 7 4781 4782 4783 4784 4785 4786 4787
1099 781 264 3 4788 4789 4790
1100 781 182 5 4791 4792 4793 4794 4795
1101 781 235 3 4796 4797 4798
1102 781 582 3 4799 4800 4801
1103 781 378 1 4802
1104 683 243 1 4803
1105 683 394 1 4804
1106 683 488 3 4805 4806 4807
1107 683 351 7 4808 4809 4810 4811 4812 4813 4814
1108 683 582 6 4815 4816 4817 4818 4819 4820
1109 683 746 1 4821
1110 192 82 6 4822 4823 4824 4825 4826 4827
1111 192 243 3 4828 4829 4830
1112 192 394 3 4831 4832 4833
1113 192 100 3 4834 4835 4836
1114 192 114 6 4837 4838 4839 4840 4841 4842
1115 192 167 3 4843 4844 4845
1116 192 76 1 4846
1117 192 488 5 4847 4848 4849 4850 4851
1118 192 351 6 4852 4853 4854 4855 4856 4857
1119 192 264 3 4858 4859 4860
1120 192 182 3 4861 4862 4863
1121 192 418 1 4864
1122 192 235 6 4865 4866 4867 4868 4869 4870
1123 192 940 1 4871
1124 192 582 8 4872 4873 4874 4875 4876 4877 4878 4879
1125 192 701 1 4880
1126 192 866 3 4881 4882 4883
1127 192 629 3 4884 4885 4886
1128 192 378 6 4887 4888 4889 4890 4891 4892
1129 192 746 5 4893 4894 4895 4896 4897
1130 56 243 2 4898 4899
1131 56 488 10 4900 4901 4902 4903 4904 4905 4906 4907 4908 4909
1132 56 351 3 4910 4911 4912
1133 56 940 3 4913 4914 4915
1134 56 582 5 4916 4917 4918 4919 4920
1135 56 701 5 4921 4922 4923 4924 4925
1136 56 866 3 4926 4927 4928
1137 56 746 19 4929 4930 4931 4932 4933 4934 4935 4936 4937 4938 4939 4940 4941 4942 4943 4944 4945 4946 4947
1138 225 738 1 4948
1139 225 685 3 4949 4950 4951
1140 225 701 5 4952 4953 4954 4955 4956
1141 225 866 3 4957 4958 4959
1142 225 746 5 4960 4961 4962 4963 4964
1143 621 82 3 4965 4966 4967
1144 621 251 3 4968 4969 4970
1145 621 435 7 4971 4972 4973 4974 4975 4976 4977
1146 621 100 1 4978
1147 621 114 3 4979 4980 4981
1148 621 385 1 4982
1149 621 283 3 4983 4984 4985
1150 621 76 1 4986
1151 621 63 12 4987 4988 4989 4990 4991 4992 4993 4994 4995 4996 4997 4998
1152 621 359 5 4999 5000 5001 5002 5003
1153 621 264 1 5004
1154 621 418 3 5005 5006 5007
1155 621 276 6 5008 5009 5010 5011 5012 5013
1156 621 371 1 5014
1157 621 676 3 5015 5016 5017
1158 323 82 5 5018 5019 5020 5021 5022
1159 323 251 5 5023 5024 5025 5026 5027
1160 323 435 3 5028 5029 5030
1161 323 100 1 5031
1162 323 114 6 5032 5033 5034 5035 5036 5037
1163 323 385 3 5038 5039 5040
1164 323 283 3 5041 5042 5043
1165 323 76 1 5044
1166 323 63 12 5045 5046 5047 5048 5049 5050 5051 5052 5053 5054 5055 5056
1167 323 359 9 5057 5058 5059 5060 5061 5062 5063 5064 5065
1168 323 264 1 5066
1169 323 418 6 5067 5068 5069 5070 5071 5072
1170 323 276 16 5073 5074 5075 5076 5077 5078 5079 5080 5081 5082 5083 5084 5085 5086 5087 5088
1171 323 371 6 5089 5090 5091 5092 5093 5094
1172 323 676 6 5095 5096 5097 5098 5099 5100
1173 80 251 5 5101 5102 5103 5104 5105
1174 80 193 1 5106
1175 80 283 9 5107 5108 5109 5110 5111 5112 5113 5114 5115
1176 80 276 10 5116 5117 5118 5119 5120 5121 5122 5123 5124 5125
1177 80 632 1 5126
1178 273 251 5 5127 5128 5129 5130 5131
1179 273 262 3 5132 5133 5134
1180 273 193 5 5135 5136 5137 5138 5139
1181 273 283 6 5140 5141 5142 5143 5144 5145
1182 273 460 1 5146
1183 158 82 1 5147
1184 158 114 3 5148 5149 5150
1185 158 63 3 5151 5152 5153
1186 158 359 3 5154 5155 5156
1187 158 418 3 5157 5158 5159
1188 158 276 8 5160 5161 5162 5163 5164 5165 5166 5167
1189 158 371 5 5168 5169 5170 5171 5172
1190 158 676 3 5173 5174 5175
1191 158 632 3 5176 5177 5178
1192 141 251 5 5179 5180 5181 5182 5183
1193 141 385 1 5184
1194 141 283 5 5185 5186 5187 5188 5189
1195 141 276 6 5190 5191 5192 5193 5194 5195
1196 683 394 1 5196
1197 683 629 5 5197 5198 5199 5200 5201
1198 683 351 3 5202 5203 5204
1199 683 378 3 5205 5206 5207
1200 683 582 3 5208 5209 5210
1201 737 394 1 5211
1202 737 629 3 5212 5213 5214
1203 737 351 3 5215 5216 5217
1204 737 378 3 5218 5219 5220
1205 737 582 3 5221 5222 5223
1206 781 394 5 5224 5225 5226 5227 5228
1207 781 629 6 5229 5230 5231 5232 5233 5234
1208 781 351 3 5235 5236 5237
1209 781 182 3 5238 5239 5240
1210 781 378 13 5241 5242 5243 5244 5245 5246 5247 5248 5249 5250 5251 5252 5253
1211 781 582 3 5254 5255 5256
1212 781 167 3 5257 5258 5259
1213 781 235 3 5260 5261 5262
1214 56 629 1 5263
1215 962 629 3 5264 5265 5266
1216 962 378 1 5267
1217 874 394 2 5268 5269
1218 874 629 6 5270 5271 5272 5273 5274 5275
1219 874 351 7 5276 5277 5278 5279 5280 5281 5282
1220 874 378 11 5283 5284 5285 5286 5287 5288 5289 5290 5291 5292 5293
1221 874 582 8 5294 5295 5296 5297 5298 5299 5300 5301
1222 835 629 3 5302 5303 5304
1223 835 378 1 5305
1224 764 394 3 5306 5307 5308
1225 764 629 3 5309 5310 5311
1226 764 351 1 5312
1227 764 182 3 5313 5314 5315
1228 764 378 9 5316 5317 5318 5319 5320 5321 5322 5323 5324
1229 764 582 1 5325
1230 764 167 3 5326 5327 5328
1231 764 235 5 5329 5330 5331 5332 5333
1232 768 394 3 5334 5335 5336
1233 768 629 3 5337 5338 5339
1234 768 351 3 5340 5341 5342
1235 768 182 1 5343
1236 768 378 7 5344 5345 5346 5347 5348 5349 5350
1237 768 582 3 5351 5352 5353
1238 768 167 1 5354
1239 768 235 1 5355
1240 356 629 6 5356 5357 5358 5359 5360 5361
1241 356 378 6 5362 5363 5364 5365 5366 5367
1242 356 235 1 5368
1243 192 629 7 5369 5370 5371 5372 5373 5374 5375
1244 192 378 3 5376 5377 5378
1245 944 629 7 5379 5380 5381 5382 5383 5384 5385
1246 944 378 3 5386 5387 5388
1247 150 629 6 5389 5390 5391 5392 5393 5394
1248 150 378 11 5395 5396 5397 5398 5399 5400 5401 5402 5403 5404 5405
1249 150 235 5 5406 5407 5408 5409 5410
1250 883 629 6 5411 5412 5413 5414 5415 5416
1251 883 378 5 5417 5418 5419 5420 5421
1252 883 582 1 5422
1253 680 394 5 5423 5424 5425 5426 5427
1254 680 629 3 5428 5429 5430
1255 680 351 1 5431
1256 680 182 6 5432 5433 5434 5435 5436 5437
1257 680 378 9 5438 5439 5440 5441 5442 5443 5444 5445 5446
1258 680 582 1 5447
1259 680 167 6 5448 5449 5450 5451 5452 5453
1260 680 235 9 5454 5455 5456 5457 5458 5459 5460 5461 5462
1261 402 629 6 5463 5464 5465 5466 5467 5468
1262 402 378 1 5469
1263 231 629 7 5470 5471 5472 5473 5474 5475 5476
1264 231 378 6 5477 5478 5479 5480 5481 5482
1265 231 235 1 5483
1266 821 82 1 5484
1267 821 912 2 5485 5486
1268 821 167 6 5487 5488 5489 5490 5491 5492
1269 821 364 2 5493 5494
1270 821 235 5 5495 5496 5497 5498 5499
1271 742 82 1 5500
1272 742 531 1 5501
1273 742 317 8 5502 5503 5504 5505 5506 5507 5508 5509
1274 742 730 3 5510 5511 5512
1275 742 158 8 5513 5514 5515 5516 5517 5518 5519 5520
1276 742 661 2 5521 5522
1277 742 315 3 5523 5524 5525
1278 1005 82 8 5526 5527 5528 5529 5530 5531 5532 5533
1279 1005 531 1 5534
1280 1005 912 3 5535 5536 5537
1281 1005 317 6 5538 5539 5540 5541 5542 5543
1282 1005 114 1 5544
1283 1005 167 6 5545 5546 5547 5548 5549 5550
1284 1005 860 1 5551
1285 1005 364 2 5552 5553
1286 1005 158 3 5554 5555 5556
1287 1005 235 4 5557 5558 5559 5560
1288 1005 661 2 5561 5562
1289 1005 1006 1 5563
1290 916 912 3 5564 5565 5566
1291 916 167 1 5567
1292 916 364 2 5568 5569
1293 916 235 3 5570 5571 5572
1294 908 531 1 5573
1295 908 854 1 5574
1296 908 317 3 5575 5576 5577
1297 908 730 5 5578 5579 5580 5581 5582
1298 908 158 3 5583 5584 5585
1299 908 661 3 5586 5587 5588
1300 908 315 1 5589
1301 615 82 2 5590 5591
1302 615 531 1 5592
1303 615 317 10 5593 5594 5595 5596 5597 5598 5599 5600 5601 5602
1304 615 158 4 5603 5604 5605 5606
1305 615 661 3 5607 5608 5609
1306 1005 1006 1 5610
1307 506 730 1 5611
1308 615 661 3 5612 5613 5614
1309 615 854 3 5615 5616 5617
1310 615 1006 2 5618 5619
1311 615 730 5 5620 5621 5622 5623 5624
1312 680 1006 3 5625 5626 5627
1313 680 860 1 5628
1314 317 661 5 5629 5630 5631 5632 5633
1315 317 854 1 5634
1316 317 1006 3 5635 5636 5637
1317 317 730 8 5638 5639 5640 5641 5642 5643 5644 5645
1318 768 912 1 5646
1319 768 1006 5 5647 5648 5649 5650 5651
1320 768 860 9 5652 5653 5654 5655 5656 5657 5658 5659 5660
1321 821 1006 1 5661
1322 742 854 2 5662 5663
1323 742 730 3 5664 5665 5666
1324 944 1006 3 5667 5668 5669
1325 944 860 3 5670 5671 5672
1326 150 661 1 5673
1327 150 1006 6 5674 5675 5676 5677 5678 5679
1328 150 860 1 5680
1329 381 661 14 5681 5682 5683 5684 5685 5686 5687 5688 5689 5690 5691 5692 5693 5694
1330 381 854 3 5695 5696 5697
1331 381 1006 8 5698 5699 5700 5701 5702 5703 5704 5705
1332 381 730 8 5706 5707 5708 5709 5710 5711 5712 5713
1333 916 912 3 5714 5715 5716
1334 916 1006 3 5717 5718 5719
1335 916 860 2 5720 5721
1336 908 854 1 5722
1337 534 661 2 5723 5724
1338 534 854 1 5725
1339 534 1006 2 5726 5727
1340 534 730 1 5728
1341 231 661 10 5729 5730 5731 5732 5733 5734 5735 5736 5737 5738
1342 231 378 2 5739 5740
1343 231 158 1 5741
1344 231 1006 14 5742 5743 5744 5745 5746 5747 5748 5749 5750 5751 5752 5753 5754 5755
1345 231 730 3 5756 5757 5758
1346 231 860 7 5759 5760 5761 5762 5763 5764 5765
1347 231 364 2 5766 5767
1348 231 235 3 5768 5769 5770
1349 231 114 1 5771
1350 781 82 6 5772 5773 5774 5775 5776 5777
1351 781 394 1 5778
1352 781 100 1 5779
1353 781 114 3 5780 5781 5782
1354 781 167 6 5783 5784 5785 5786 5787 5788
1355 781 182 5 5789 5790 5791 5792 5793
1356 781 378 3 5794 5795 5796
1357 781 235 9 5797 5798 5799 5800 5801 5802 5803 5804 5805
1358 764 82 6 5806 5807 5808 5809 5810 5811
1359 764 394 2 5812 5813
1360 764 100 1 5814
1361 764 114 3 5815 5816 5817
1362 764 167 9 5818 5819 5820 5821 5822 5823 5824 5825 5826
1363 764 182 9 5827 5828 5829 5830 5831 5832 5833 5834 5835
1364 764 378 1 5836
1365 764 235 14 5837 5838 5839 5840 5841 5842 5843 5844 5845 5846 5847 5848 5849 5850
1366 356 82 2 5851 5852
1367 356 418 3 5853 5854 5855
1368 356 629 6 5856 5857 5858 5859 5860 5861
1369 356 114 13 5862 5863 5864 5865 5866 5867 5868 5869 5870 5871 5872 5873 5874
1370 356 378 5 5875 5876 5877 5878 5879
1371 356 235 8 5880 5881 5882 5883 5884 5885 5886 5887
1372 150 418 3 5888 5889 5890
1373 150 629 6 5891 5892 5893 5894 5895 5896
1374 150 114 7 5897 5898 5899 5900 5901 5902 5903
1375 150 378 3 5904 5905 5906
1376 150 235 9 5907 5908 5909 5910 5911 5912 5913 5914 5915
1377 192 82 1 5916
1378 192 629 1 5917
1379 192 114 3 5918 5919 5920
1380 192 378 5 5921 5922 5923 5924 5925
1381 192 235 3 5926 5927 5928
1382 680 394 1 5929
1383 680 167 3 5930 5931 5932
1384 680 182 3 5933 5934 5935
1385 680 235 3 5936 5937 5938
1386 402 82 2 5939 5940
1387 402 418 3 5941 5942 5943
1388 402 629 7 5944 5945 5946 5947 5948 5949 5950
1389 402 114 10 5951 5952 5953 5954 5955 5956 5957 5958 5959 5960
1390 402 378 5 5961 5962 5963 5964 5965
1391 402 235 3 5966 5967 5968
1392 231 418 1 5969
1393 231 629 4 5970 5971 5972 5973
1394 231 114 3 5974 5975 5976
1395 231 378 4 5977 5978 5979 5980
1396 231 235 4 5981 5982 5983 5984
1397 683 243 2 5985 5986
1398 683 394 2 5987 5988
1399 683 838 3 5989 5990 5991
1400 683 488 12 5992 5993 5994 5995 5996 5997 5998 5999 6000 6001 6002 6003
1401 683 351 12 6004 6005 6006 6007 6008 6009 6010 6011 6012 6013 6014 6015
1402 683 701 15 6016 6017 6018 6019 6020 6021 6022 6023 6024 6025 6026 6027 6028 6029 6030
1403 683 940 5 6031 6032 6033 6034 6035
1404 683 582 6 6036 6037 6038 6039 6040 6041
1405 683 746 6 6042 6043 6044 6045 6046 6047
1406 737 394 1 6048
1407 737 838 5 6049 6050 6051 6052 6053
1408 737 488 3 6054 6055 6056
1409 737 351 5 6057 6058 6059 6060 6061
1410 737 701 7 6062 6063 6064 6065 6066 6067 6068
1411 737 940 3 6069 6070 6071
1412 737 582 1 6072
1413 737 746 1 6073
1414 856 243 1 6074
1415 856 394 1 6075
1416 856 488 8 6076 6077 6078 6079 6080 6081 6082 6083
1417 856 351 3 6084 6085 6086
1418 856 701 3 6087 6088 6089
1419 856 940 7 6090 6091 6092 6093 6094 6095 6096
1420 877 838 1 6097
1421 56 243 1 6098
1422 56 838 3 6099 6100 6101
1423 56 488 5 6102 6103 6104 6105 6106
1424 56 701 14 6107 6108 6109 6110 6111 6112 6113 6114 6115 6116 6117 6118 6119 6120
1425 56 940 3 6121 6122 6123
1426 56 746 5 6124 6125 6126 6127 6128
1427 889 394 2 6129 6130
1428 889 838 3 6131 6132 6133
1429 889 488 7 6134 6135 6136 6137 6138 6139 6140
1430 889 351 7 6141 6142 6143 6144 6145 6146 6147
1431 889 701 10 6148 6149 6150 6151 6152 6153 6154 6155 6156 6157
1432 889 940 6 6158 6159 6160 6161 6162 6163
1433 225 838 5 6164 6165 6166 6167 6168
1434 225 685 4 6169 6170 6171 6172
1435 225 701 10 6173 6174 6175 6176 6177 6178 6179 6180 6181 6182
1436 225 1000 1 6183
1437 225 746 1 6184
1438 621 435 3 6185 6186 6187
1439 621 63 3 6188 6189 6190
1440 621 359 3 6191 6192 6193
1441 621 371 7 6194 6195 6196 6197 6198 6199 6200
1442 323 63 5 6201 6202 6203 6204 6205
1443 323 276 1 6206
1444 323 371 3 6207 6208 6209
1445 468 435 3 6210 6211 6212
1446 468 632 12 6213 6214 6215 6216 6217 6218 6219 6220 6221 6222 6223 6224
1447 468 359 9 6225 6226 6227 6228 6229 6230 6231 6232 6233
1448 468 750 6 6234 6235 6236 6237 6238 6239
1449 468 371 16 6240 6241 6242 6243 6244 6245 6246 6247 6248 6249 6250 6251 6252 6253 6254 6255
1450 158 632 12 6256 6257 6258 6259 6260 6261 6262 6263 6264 6265 6266 6267
1451 158 63 3 6268 6269 6270
1452 158 276 5 6271 6272 6273 6274 6275
1453 158 750 5 6276 6277 6278 6279 6280
1454 158 371 6 6281 6282 6283 6284 6285 6286
1455 450 435 2 6287 6288
1456 450 632 11 6289 6290 6291 6292 6293 6294 6295 6296 6297 6298 6299
1457 450 359 6 6300 6301 6302 6303 6304 6305
1458 450 750 3 6306 6307 6308
1459 450 371 6 6309 6310 6311 6312 6313 6314
1460 192 750 1 6315
1461 443 435 2 6316 6317
1462 443 632 6 6318 6319 6320 6321 6322 6323
1463 443 676 3 6324 6325 6326
1464 443 359 8 6327 6328 6329 6330 6331 6332 6333 6334
1465 443 750 13 6335 6336 6337 6338 6339 6340 6341 6342 6343 6344 6345 6346 6347
1466 443 371 6 6348 6349 6350 6351 6352 6353
1467 80 632 9 6354 6355 6356 6357 6358 6359 6360 6361 6362
1468 80 276 5 6363 6364 6365 6366 6367
1469 80 750 3 6368 6369 6370
1470 80 283 1 6371
1471 500 632 1 6372
1472 402 676 1 6373
1473 402 750 4 6374 6375 6376 6377
1474 273 262 1 6378
1475 273 632 6 6379 6380 6381 6382 6383 6384
1476 273 460 3 6385 6386 6387
1477 273 276 3 6388 6389 6390
1478 273 750 1 6391
1479 273 283 3 6392 6393 6394
1480 962 364 3 6395 6396 6397
1481 962 378 6 6398 6399 6400 6401 6402 6403
1482 962 860 1 6404
1483 874 364 6 6405 6406 6407 6408 6409 6410
1484 874 394 1 6411
1485 874 912 6 6412 6413 6414 6415 6416 6417
1486 874 378 6 6418 6419 6420 6421 6422 6423
1487 874 860 3 6424 6425 6426
1488 874 351 3 6427 6428 6429
1489 874 582 5 6430 6431 6432 6433 6434
1490 835 364 3 6435 6436 6437
1491 835 378 6 6438 6439 6440 6441 6442 6443
1492 835 860 1 6444
1493 768 364 22 6445 6446 6447 6448 6449 6450 6451 6452 6453 6454 6455 6456 6457 6458 6459 6460 6461 6462 6463 6464 6465 6466
1494 768 394 9 6467 6468 6469 6470 6471 6472 6473 6474 6475
1495 768 912 10 6476 6477 6478 6479 6480 6481 6482 6483 6484 6485
1496 768 378 15 6486 6487 6488 6489 6490 6491 6492 6493 6494 6495 6496 6497 6498 6499 6500
1497 768 235 16 6501 6502 6503 6504 6505 6506 6507 6508 6509 6510 6511 6512 6513 6514 6515 6516
1498 768 860 9 6517 6518 6519 6520 6521 6522 6523 6524 6525
1499 768 351 3 6526 6527 6528
1500 768 182 8 6529 6530 6531 6532 6533 6534 6535 6536
1501 768 582 3 6537 6538 6539
1502 768 167 8 6540 6541 6542 6543 6544 6545 6546 6547
1503 944 364 9 6548 6549 6550 6551 6552 6553 6554 6555 6556
1504 944 629 3 6557 6558 6559
1505 944 378 12 6560 6561 6562 6563 6564 6565 6566 6567 6568 6569 6570 6571
1506 944 235 1 6572
1507 944 860 5 6573 6574 6575 6576 6577
1508 150 364 3 6578 6579 6580
1509 150 378 1 6581
1510 150 235 5 6582 6583 6584 6585 6586
1511 150 860 1 6587
1512 916 364 3 6588 6589 6590
1513 916 394 1 6591
1514 916 912 3 6592 6593 6594
1515 916 235 3 6595 6596 6597
1516 916 182 3 6598 6599 6600
1517 916 167 3 6601 6602 6603
1518 883 364 7 6604 6605 6606 6607 6608 6609 6610
1519 883 912 2 6611 6612
1520 883 378 9 6613 6614 6615 6616 6617 6618 6619 6620 6621
1521 883 860 3 6622 6623 6624
1522 883 582 1 6625
1523 680 364 3 6626 6627 6628
1524 680 394 1 6629
1525 680 378 1 6630
1526 680 235 9 6631 6632 6633 6634 6635 6636 6637 6638 6639
1527 680 860 1 6640
1528 680 182 3 6641 6642 6643
1529 680 167 3 6644 6645 6646
1530 231 364 9 6647 6648 6649 6650 6651 6652 6653 6654 6655
1531 231 629 3 6656 6657 6658
1532 231 378 14 6659 6660 6661 6662 6663 6664 6665 6666 6667 6668 6669 6670 6671 6672
1533 231 235 10 6673 6674 6675 6676 6677 6678 6679 6680 6681 6682
1534 231 860 3 6683 6684 6685
1535 781 394 3 6686 6687 6688
1536 781 378 7 6689 6690 6691 6692 6693 6694 6695
1537 781 235 1 6696
1538 781 351 3 6697 6698 6699
1539 781 182 1 6700
1540 781 629 1 6701
1541 781 582 5 6702 6703 6704 6705 6706
1542 781 167 1 6707
1543 737 394 2 6708 6709
1544 737 378 3 6710 6711 6712
1545 737 351 7 6713 6714 6715 6716 6717 6718 6719
1546 737 629 3 6720 6721 6722
1547 737 582 10 6723 6724 6725 6726 6727 6728 6729 6730 6731 6732
1548 737 866 6 6733 6734 6735 6736 6737 6738
1549 737 746 6 6739 6740 6741 6742 6743 6744
1550 683 394 3 6745 6746 6747
1551 683 378 6 6748 6749 6750 6751 6752 6753
1552 683 351 9 6754 6755 6756 6757 6758 6759 6760 6761 6762
1553 683 629 6 6763 6764 6765 6766 6767 6768
1554 683 582 19 6769 6770 6771 6772 6773 6774 6775 6776 6777 6778 6779 6780 6781 6782 6783 6784 6785 6786 6787
1555 683 866 3 6788 6789 6790
1556 683 746 5 6791 6792 6793 6794 6795
1557 874 394 1 6796
1558 874 378 3 6797 6798 6799
1559 874 351 3 6800 6801 6802
1560 874 629 3 6803 6804 6805
1561 874 582 8 6806 6807 6808 6809 6810 6811 6812 6813
1562 874 866 3 6814 6815 6816
1563 874 746 3 6817 6818 6819
1564 965 866 1 6820
1565 965 746 3 6821 6822 6823
1566 192 378 5 6824 6825 6826 6827 6828
1567 192 629 10 6829 6830 6831 6832 6833 6834 6835 6836 6837 6838
1568 192 942 3 6839 6840 6841
1569 192 582 3 6842 6843 6844
1570 192 866 9 6845 6846 6847 6848 6849 6850 6851 6852 6853
1571 192 746 1 6854
1572 877 866 3 6855 6856 6857
1573 877 746 6 6858 6859 6860 6861 6862 6863
1574 877 874 3 6864 6865 6866
1575 56 378 1 6867
1576 56 629 3 6868 6869 6870
1577 56 942 3 6871 6872 6873
1578 56 582 3 6874 6875 6876
1579 56 866 16 6877 6878 6879 6880 6881 6882 6883 6884 6885 6886 6887 6888 6889 6890 6891 6892
1580 56 746 9 6893 6894 6895 6896 6897 6898 6899 6900 6901
1581 883 378 1 6902
1582 883 629 1 6903
1583 883 582 2 6904 6905
1584 883 866 3 6906 6907 6908
1585 883 746 5 6909 6910 6911 6912 6913
1586 402 629 1 6914
1587 402 942 1 6915
1588 402 866 2 6916 6917
1589 225 738 2 6918 6919
1590 225 685 2 6920 6921
1591 225 942 3 6922 6923 6924
1592 225 866 5 6925 6926 6927 6928 6929
1593 225 1000 1 6930
1594 225 701 3 6931 6932 6933
1595 225 746 9 6934 6935 6936 6937 6938 6939 6940 6941 6942
1596 225 874 3 6943 6944 6945
1597 781 82 6 6946 6947 6948 6949 6950 6951
1598 781 394 5 6952 6953 6954 6955 6956
1599 781 100 1 6957
1600 781 114 3 6958 6959 6960
1601 781 167 5 6961 6962 6963 6964 6965
1602 781 351 3 6966 6967 6968
1603 781 182 5 6969 6970 6971 6972 6973
1604 781 235 8 6974 6975 6976 6977 6978 6979 6980 6981
1605 781 582 6 6982 6983 6984 6985 6986 6987
1606 781 378 6 6988 6989 6990 6991 6992 6993
1607 683 394 1 6994
1608 683 351 3 6995 6996 6997
1609 683 582 5 6998 6999 7000 7001 7002
1610 683 746 1 7003
1611 192 82 3 7004 7005 7006
1612 192 418 3 7007 7008 7009
1613 192 114 14 7010 7011 7012 7013 7014 7015 7016 7017 7018 7019 7020 7021 7022 7023
1614 192 629 15 7024 7025 7026 7027 7028 7029 7030 7031 7032 7033 7034 7035 7036 7037 7038
1615 192 942 3 7039 7040 7041
1616 192 235 5 7042 7043 7044 7045 7046
1617 192 582 6 7047 7048 7049 7050 7051 7052
1618 192 866 12 7053 7054 7055 7056 7057 7058 7059 7060 7061 7062 7063 7064
1619 192 378 12 7065 7066 7067 7068 7069 7070 7071 7072 7073 7074 7075 7076
1620 192 746 3 7077 7078 7079
1621 56 942 3 7080 7081 7082
1622 56 582 3 7083 7084 7085
1623 56 866 9 7086 7087 7088 7089 7090 7091 7092 7093 7094
1624 56 746 8 7095 7096 7097 7098 7099 7100 7101 7102
1625 402 82 1 7103
1626 402 418 3 7104 7105 7106
1627 402 114 5 7107 7108 7109 7110 7111
1628 402 629 5 7112 7113 7114 7115 7116
1629 402 942 1 7117
1630 402 235 1 7118
1631 402 866 2 7119 7120
1632 402 378 1 7121
1633 225 738 3 7122 7123 7124
1634 225 685 1 7125
1635 225 942 4 7126 7127 7128 7129
1636 225 866 6 7130 7131 7132 7133 7134 7135
1637 225 701 1 7136
1638 225 746 3 7137 7138 7139
1639 899 394 1 7140
1640 899 921 3 7141 7142 7143
1641 899 351 3 7144 7145 7146
1642 899 892 2 7147 7148
1643 899 582 3 7149 7150 7151
1644 768 364 4 7152 7153 7154 7155
1645 768 394 3 7156 7157 7158
1646 768 912 5 7159 7160 7161 7162 7163
1647 768 921 1 7164
1648 768 378 4 7165 7166 7167 7168
1649 768 235 3 7169 7170 7171
1650 768 351 3 7172 7173 7174
1651 768 182 1 7175
1652 768 582 3 7176 7177 7178
1653 768 167 1 7179
1654 874 364 3 7180 7181 7182
1655 874 394 2 7183 7184
1656 874 912 7 7185 7186 7187 7188 7189 7190 7191
1657 874 921 9 7192 7193 7194 7195 7196 7197 7198 7199 7200
1658 874 378 3 7201 7202 7203
1659 874 351 6 7204 7205 7206 7207 7208 7209
1660 874 892 3 7210 7211 7212
1661 874 582 11 7213 7214 7215 7216 7217 7218 7219 7220 7221 7222 7223
1662 925 364 1 7224
1663 925 394 2 7225 7226
1664 925 912 1 7227
1665 925 921 7 7228 7229 7230 7231 7232 7233 7234
1666 925 378 1 7235
1667 925 351 7 7236 7237 7238 7239 7240 7241 7242
1668 925 892 3 7243 7244 7245
1669 925 582 8 7246 7247 7248 7249 7250 7251 7252 7253
1670 916 364 8 7254 7255 7256 7257 7258 7259 7260 7261
1671 916 394 5 7262 7263 7264 7265 7266
1672 916 912 7 7267 7268 7269 7270 7271 7272 7273
1673 916 921 1 7274
1674 916 378 5 7275 7276 7277 7278 7279
1675 916 235 7 7280 7281 7282 7283 7284 7285 7286
1676 916 351 3 7287 7288 7289
1677 916 182 3 7290 7291 7292
1678 916 582 3 7293 7294 7295
1679 916 167 3 7296 7297 7298
1680 883 364 1 7299
1681 883 912 2 7300 7301
1682 883 921 2 7302 7303
1683 883 378 1 7304
1684 883 892 1 7305
1685 883 582 2 7306 7307
1686 899 394 1 7308
1687 899 915 3 7309 7310 7311
1688 899 351 3 7312 7313 7314
1689 899 892 2 7315 7316
1690 899 582 3 7317 7318 7319
1691 737 394 1 7320
1692 737 838 3 7321 7322 7323
1693 737 915 1 7324
1694 737 351 5 7325 7326 7327 7328 7329
1695 737 874 9 7330 7331 7332 7333 7334 7335 7336 7337 7338
1696 737 701 3 7339 7340 7341
1697 737 488 1 7342
1698 737 582 3 7343 7344 7345
1699 737 746 4 7346 7347 7348 7349
1700 737 940 1 7350
1701 874 394 2 7351 7352
1702 874 915 9 7353 7354 7355 7356 7357 7358 7359 7360 7361
1703 874 351 6 7362 7363 7364 7365 7366 7367
1704 874 874 5 7368 7369 7370 7371 7372
1705 874 892 3 7373 7374 7375
1706 874 582 11 7376 7377 7378 7379 7380 7381 7382 7383 7384 7385 7386
1707 874 746 3 7387 7388 7389
1708 918 394 2 7390 7391
1709 918 915 7 7392 7393 7394 7395 7396 7397 7398
1710 918 351 6 7399 7400 7401 7402 7403 7404
1711 918 874 1 7405
1712 918 892 3 7406 7407 7408
1713 918 582 9 7409 7410 7411 7412 7413 7414 7415 7416 7417
1714 918 746 1 7418
1715 889 394 2 7419 7420
1716 889 838 6 7421 7422 7423 7424 7425 7426
1717 889 915 1 7427
1718 889 351 9 7428 7429 7430 7431 7432 7433 7434 7435 7436
1719 889 874 6 7437 7438 7439 7440 7441 7442
1720 889 701 6 7443 7444 7445 7446 7447 7448
1721 889 488 3 7449 7450 7451
1722 889 582 3 7452 7453 7454
1723 889 746 5 7455 7456 7457 7458 7459
1724 889 940 3 7460 7461 7462
1725 883 915 2 7463 7464
1726 883 874 3 7465 7466 7467
1727 883 892 1 7468
1728 883 582 2 7469 7470
1729 883 746 1 7471
1730 683 394 1 7472
1731 683 838 1 7473
1732 683 351 3 7474 7475 7476
1733 683 701 3 7477 7478 7479
1734 683 582 3 7480 7481 7482
1735 683 746 6 7483 7484 7485 7486 7487 7488
1736 737 394 4 7489 7490 7491 7492
1737 737 838 14 7493 7494 7495 7496 7497 7498 7499 7500 7501 7502 7503 7504 7505 7506
1738 737 351 15 7507 7508 7509 7510 7511 7512 7513 7514 7515 7516 7517 7518 7519 7520 7521
1739 737 874 5 7522 7523 7524 7525 7526
1740 737 701 12 7527 7528 7529 7530 7531 7532 7533 7534 7535 7536 7537 7538
1741 737 582 9 7539 7540 7541 7542 7543 7544 7545 7546 7547
1742 737 488 3 7548 7549 7550
1743 737 746 17 7551 7552 7553 7554 7555 7556 7557 7558 7559 7560 7561 7562 7563 7564 7565 7566 7567
1744 737 940 3 7568 7569 7570
1745 874 394 1 7571
1746 874 351 3 7572 7573 7574
1747 874 874 1 7575
1748 874 582 5 7576 7577 7578 7579 7580
1749 874 746 6 7581 7582 7583 7584 7585 7586
1750 965 874 3 7587 7588 7589
1751 965 746 1 7590
1752 877 838 5 7591 7592 7593 7594 7595
1753 877 874 10 7596 7597 7598 7599 7600 7601 7602 7603 7604 7605
1754 877 701 1 7606
1755 877 746 5 7607 7608 7609 7610 7611
1756 56 838 1 7612
1757 56 701 3 7613 7614 7615
1758 56 746 3 7616 7617 7618
1759 889 394 1 7619
1760 889 838 3 7620 7621 7622
1761 889 351 3 7623 7624 7625
1762 889 701 3 7626 7627 7628
1763 889 488 3 7629 7630 7631
1764 889 940 3 7632 7633 7634
1765 883 874 4 7635 7636 7637 7638
1766 883 582 1 7639
1767 883 746 5 7640 7641 7642 7643 7644
1768 225 838 11 7645 7646 7647 7648 7649 7650 7651 7652 7653 7654 7655
1769 225 685 3 7656 7657 7658
1770 225 874 3 7659 7660 7661
1771 225 701 7 7662 7663 7664 7665 7666 7667 7668
1772 225 1000 3 7669 7670 7671
1773 225 746 6 7672 7673 7674 7675 7676 7677
1774 80 924 1 7678
1775 80 803 3 7679 7680 7681
1776 141 924 1 7682
1777 141 803 3 7683 7684 7685
1778 696 685 1 7686
1779 696 924 3 7687 7688 7689
1780 696 1000 3 7690 7691 7692
1781 696 748 5 7693 7694 7695 7696 7697
1782 696 803 3 7698 7699 7700
1783 1013 1000 1 7701
1784 683 838 1 7702
1785 683 1000 3 7703 7704 7705
1786 20 685 4 7706 7707 7708 7709
1787 20 738 3 7710 7711 7712
1788 20 924 3 7713 7714 7715
1789 20 1000 3 7716 7717 7718
1790 20 748 3 7719 7720 7721
1791 20 803 11 7722 7723 7724 7725 7726 7727 7728 7729 7730 7731 7732
1792 753 924 7 7733 7734 7735 7736 7737 7738 7739
1793 753 748 1 7740
1794 753 803 6 7741 7742 7743 7744 7745 7746
1795 737 838 6 7747 7748 7749 7750 7751 7752
1796 737 1000 5 7753 7754 7755 7756 7757
1797 856 1000 1 7758
1798 877 838 3 7759 7760 7761
1799 877 1000 3 7762 7763 7764
1800 56 838 1 7765
1801 56 1000 3 7766 7767 7768
1802 173 685 14 7769 7770 7771 7772 7773 7774 7775 7776 7777 7778 7779 7780 7781 7782
1803 173 738 12 7783 7784 7785 7786 7787 7788 7789 7790 7791 7792 7793 7794
1804 173 924 3 7795 7796 7797
1805 173 1000 9 7798 7799 7800 7801 7802 7803 7804 7805 7806
1806 173 748 3 7807 7808 7809
1807 173 803 6 7810 7811 7812 7813 7814 7815
1808 893 924 3 7816 7817 7818
1809 893 748 1 7819
1810 893 803 1 7820
1811 889 838 3 7821 7822 7823
1812 889 1000 4 7824 7825 7826 7827
1813 424 685 2 7828 7829
1814 424 738 2 7830 7831
1815 424 924 1 7832
1816 424 1000 1 7833
1817 424 748 1 7834
1818 424 803 2 7835 7836
1819 225 685 3 7837 7838 7839
1820 225 738 3 7840 7841 7842
1821 225 838 3 7843 7844 7845
1822 225 1000 10 7846 7847 7848 7849 7850 7851 7852 7853 7854 7855
1823 856 243 1 7856
1824 856 838 5 7857 7858 7859 7860 7861
1825 856 488 3 7862 7863 7864
1826 856 701 6 7865 7866 7867 7868 7869 7870
1827 856 1000 1 7871
1828 856 940 3 7872 7873 7874
1829 1013 243 4 7875 7876 7877 7878
1830 1013 824 3 7879 7880 7881
1831 1013 838 5 7882 7883 7884 7885 7886
1832 1013 790 1 7887
1833 1013 488 6 7888 7889 7890 7891 7892 7893
1834 1013 941 6 7894 7895 7896 7897 7898 7899
1835 1013 701 10 7900 7901 7902 7903 7904 7905 7906 7907 7908 7909
1836 1013 1000 5 7910 7911 7912 7913 7914
1837 1013 940 14 7915 7916 7917 7918 7919 7920 7921 7922 7923 7924 7925 7926 7927 7928
1838 1013 748 1 7929
1839 1013 685 3 7930 7931 7932
1840 753 243 1 7933
1841 753 824 5 7934 7935 7936 7937 7938
1842 753 790 3 7939 7940 7941
1843 753 941 6 7942 7943 7944 7945 7946 7947
1844 753 803 1 7948
1845 753 748 6 7949 7950 7951 7952 7953 7954
1846 893 824 1 7955
1847 893 924 1 7956
1848 893 941 3 7957 7958 7959
1849 893 803 3 7960 7961 7962
1850 893 748 6 7963 7964 7965 7966 7967 7968
1851 889 838 5 7969 7970 7971 7972 7973
1852 889 701 1 7974
1853 889 1000 1 7975
1854 696 243 3 7976 7977 7978
1855 696 824 5 7979 7980 7981 7982 7983
1856 696 790 3 7984 7985 7986
1857 696 488 1 7987
1858 696 941 9 7988 7989 7990 7991 7992 7993 7994 7995 7996
1859 696 701 1 7997
1860 696 1000 1 7998
1861 696 940 3 7999 8000 8001
1862 696 748 5 8002 8003 8004 8005 8006
1863 696 685 3 8007 8008 8009
1864 535 854 1 8010
1865 506 854 6 8011 8012 8013 8014 8015 8016
1866 506 730 5 8017 8018 8019 8020 8021
1867 615 854 3 8022 8023 8024
1868 615 730 1 8025
1869 317 854 5 8026 8027 8028 8029 8030
1870 317 730 9 8031 8032 8033 8034 8035 8036 8037 8038 8039
1871 730 854 1 8040
1872 742 854 8 8041 8042 8043 8044 8045 8046 8047 8048
1873 742 730 3 8049 8050 8051
1874 381 470 3 8052 8053 8054
1875 381 661 3 8055 8056 8057
1876 381 854 3 8058 8059 8060
1877 381 315 3 8061 8062 8063
1878 381 1006 3 8064 8065 8066
1879 381 730 26 8067 8068 8069 8070 8071 8072 8073 8074 8075 8076 8077 8078 8079 8080 8081 8082 8083 8084 8085 8086 8087 8088 8089 8090 8091 8092
1880 908 854 3 8093 8094 8095
1881 586 470 1 8096
1882 534 470 5 8097 8098 8099 8100 8101
1883 534 661 1 8102
1884 534 854 1 8103
1885 534 315 3 8104 8105 8106
1886 534 730 7 8107 8108 8109 8110 8111 8112 8113
1887 231 470 3 8114 8115 8116
1888 231 629 1 8117
1889 231 661 3 8118 8119 8120
1890 231 315 3 8121 8122 8123
1891 231 1006 3 8124 8125 8126
1892 231 730 6 8127 8128 8129 8130 8131 8132
1893 742 82 1 8133
1894 742 111 3 8134 8135 8136
1895 742 531 3 8137 8138 8139
1896 742 317 9 8140 8141 8142 8143 8144 8145 8146 8147 8148
1897 742 137 1 8149
1898 742 315 7 8150 8151 8152 8153 8154 8155 8156
1899 742 369 1 8157
1900 742 730 1 8158
1901 742 158 5 8159 8160 8161 8162 8163
1902 908 111 5 8164 8165 8166 8167 8168
1903 908 531 3 8169 8170 8171
1904 908 854 3 8172 8173 8174
1905 908 317 3 8175 8176 8177
1906 908 116 1 8178
1907 908 137 1 8179
1908 908 315 8 8180 8181 8182 8183 8184 8185 8186 8187
1909 908 369 1 8188
1910 908 730 8 8189 8190 8191 8192 8193 8194 8195 8196
1911 908 726 1 8197
1912 908 158 5 8198 8199 8200 8201 8202
1913 908 661 1 8203
1914 899 394 4 8204 8205 8206 8207
1915 899 915 3 8208 8209 8210
1916 899 921 3 8211 8212 8213
1917 899 351 13 8214 8215 8216 8217 8218 8219 8220 8221 8222 8223 8224 8225 8226
1918 899 892 16 8227 8228 8229 8230 8231 8232 8233 8234 8235 8236 8237 8238 8239 8240 8241 8242
1919 899 582 12 8243 8244 8245 8246 8247 8248 8249 8250 8251 8252 8253 8254
1920 874 394 1 8255
1921 874 915 3 8256 8257 8258
1922 874 921 3 8259 8260 8261
1923 874 351 3 8262 8263 8264
1924 874 892 13 8265 8266 8267 8268 8269 8270 8271 8272 8273 8274 8275 8276 8277
1925 874 582 6 8278 8279 8280 8281 8282 8283
1926 925 394 1 8284
1927 925 921 2 8285 8286
1928 925 351 3 8287 8288 8289
1929 925 892 3 8290 8291 8292
1930 925 582 3 8293 8294 8295
1931 918 394 1 8296
1932 918 915 2 8297 8298
1933 918 351 3 8299 8300 8301
1934 918 892 3 8302 8303 8304
1935 918 582 3 8305 8306 8307
1936 883 915 1 8308
1937 883 921 1 8309
1938 883 892 4 8310 8311 8312 8313
1939 883 582 1 8314
1940 753 243 1 8315
1941 753 251 1 8316
1942 753 824 9 8317 8318 8319 8320 8321 8322 8323 8324 8325
1943 753 790 5 8326 8327 8328 8329 8330
1944 753 385 5 8331 8332 8333 8334 8335
1945 753 770 6 8336 8337 8338 8339 8340 8341
1946 753 941 3 8342 8343 8344
1947 753 803 3 8345 8346 8347
1948 753 748 3 8348 8349 8350
1949 893 251 1 8351
1950 893 824 3 8352 8353 8354
1951 893 924 1 8355
1952 893 385 6 8356 8357 8358 8359 8360 8361
1953 893 770 1 8362
1954 893 941 3 8363 8364 8365
1955 893 803 7 8366 8367 8368 8369 8370 8371 8372
1956 893 748 3 8373 8374 8375
1957 696 924 1 8376
1958 440 924 1 8377
1959 141 924 8 8378 8379 8380 8381 8382 8383 8384 8385
1960 141 803 3 8386 8387 8388
1961 20 738 5 8389 8390 8391 8392 8393
1962 20 924 5 8394 8395 8396 8397 8398
1963 20 803 6 8399 8400 8401 8402 8403 8404
1964 753 924 8 8405 8406 8407 8408 8409 8410 8411 8412
1965 753 803 1 8413
1966 692 924 1 8414
1967 80 738 3 8415 8416 8417
1968 80 924 9 8418 8419 8420 8421 8422 8423 8424 8425 8426
1969 80 803 7 8427 8428 8429 8430 8431 8432 8433
1970 173 738 7 8434 8435 8436 8437 8438 8439 8440
1971 173 924 3 8441 8442 8443
1972 173 803 3 8444 8445 8446
1973 893 924 3 8447 8448 8449
1974 424 738 3 8450 8451 8452
1975 424 924 5 8453 8454 8455 8456 8457
1976 424 803 3 8458 8459 8460
1977 273 262 1 8461
1978 273 738 3 8462 8463 8464
1979 273 924 10 8465 8466 8467 8468 8469 8470 8471 8472 8473 8474
1980 273 193 1 8475
1981 273 803 3 8476 8477 8478
1982 273 783 3 8479 8480 8481
1983 225 738 1 8482
1984 990 921 1 8483
1985 950 921 1 8484
1986 944 912 3 8485 8486 8487
1987 944 921 1 8488
1988 899 921 3 8489 8490 8491
1989 768 912 7 8492 8493 8494 8495 8496 8497 8498
1990 768 921 3 8499 8500 8501
1991 874 912 3 8502 8503 8504
1992 874 921 7 8505 8506 8507 8508 8509 8510 8511
1993 835 912 1 8512
1994 835 921 3 8513 8514 8515
1995 984 921 1 8516
1996 962 912 3 8517 8518 8519
1997 962 921 3 8520 8521 8522
1998 925 921 3 8523 8524 8525
1999 916 912 3 8526 8527 8528
2000 916 921 2 8529 8530
2001 883 912 3 8531 8532 8533
2002 883 921 5 8534 8535 8536 8537 8538
2003 925 182 3 8539 8540 8541
2004 925 394 6 8542 8543 8544 8545 8546 8547
2005 925 912 2 8548 8549
2006 925 921 3 8550 8551 8552
2007 925 167 1 8553
2008 925 835 1 8554
2009 925 351 5 8555 8556 8557 8558 8559
2010 925 364 3 8560 8561 8562
2011 925 892 3 8563 8564 8565
2012 925 235 1 8566
2013 925 810 1 8567
2014 925 582 6 8568 8569 8570 8571 8572 8573
2015 925 378 3 8574 8575 8576
2016 925 975 1 8577
2017 916 182 6 8578 8579 8580 8581 8582 8583
2018 916 394 3 8584 8585 8586
2019 916 912 3 8587 8588 8589
2020 916 167 6 8590 8591 8592 8593 8594 8595
2021 916 351 1 8596
2022 916 364 5 8597 8598 8599 8600 8601
2023 916 235 5 8602 8603 8604 8605 8606
2024 916 582 1 8607
2025 916 378 3 8608 8609 8610
2026 918 394 1 8611
2027 918 488 3 8612 8613 8614
2028 918 838 1 8615
2029 918 915 3 8616 8617 8618
2030 918 351 8 8619 8620 8621 8622 8623 8624 8625 8626
2031 918 940 1 8627
2032 918 874 2 8628 8629
2033 918 701 1 8630
2034 918 892 3 8631 8632 8633
2035 918 810 1 8634
2036 918 582 6 8635 8636 8637 8638 8639 8640
2037 918 746 3 8641 8642 8643
2038 918 975 1 8644
2039 889 394 1 8645
2040 889 488 5 8646 8647 8648 8649 8650
2041 889 838 4 8651 8652 8653 8654
2042 889 351 5 8655 8656 8657 8658 8659
2043 889 940 6 8660 8661 8662 8663 8664 8665
2044 889 874 1 8666
2045 889 701 5 8667 8668 8669 8670 8671
2046 889 582 1 8672
2047 889 746 3 8673 8674 8675
2048 990 915 1 8676
2049 877 838 3 8677 8678 8679
2050 877 915 1 8680
2051 877 874 4 8681 8682 8683 8684
2052 899 915 3 8685 8686 8687
2053 737 838 3 8688 8689 8690
2054 737 915 3 8691 8692 8693
2055 737 874 8 8694 8695 8696 8697 8698 8699 8700 8701
2056 874 915 7 8702 8703 8704 8705 8706 8707 8708
2057 874 874 1 8709
2058 984 915 1 8710
2059 965 838 1 8711
2060 965 915 3 8712 8713 8714
2061 965 874 4 8715 8716 8717 8718
2062 918 915 3 8719 8720 8721
2063 889 838 3 8722 8723 8724
2064 889 915 2 8725 8726
2065 889 874 1 8727
2066 883 915 5 8728 8729 8730 8731 8732
2067 883 874 3 8733 8734 8735
2068 450 435 1 8736
2069 450 632 8 8737 8738 8739 8740 8741 8742 8743 8744
2070 450 359 3 8745 8746 8747
2071 450 750 1 8748
2072 450 371 5 8749 8750 8751 8752 8753
2073 443 82 2 8754 8755
2074 443 418 6 8756 8757 8758 8759 8760 8761
2075 443 435 2 8762 8763
2076 443 632 3 8764 8765 8766
2077 443 114 6 8767 8768 8769 8770 8771 8772
2078 443 676 13 8773 8774 8775 8776 8777 8778 8779 8780 8781 8782 8783 8784 8785
2079 443 359 14 8786 8787 8788 8789 8790 8791 8792 8793 8794 8795 8796 8797 8798 8799
2080 443 750 6 8800 8801 8802 8803 8804 8805
2081 443 371 7 8806 8807 8808 8809 8810 8811 8812
2082 500 632 1 8813
2083 402 82 1 8814
2084 402 418 3 8815 8816 8817
2085 402 114 3 8818 8819 8820
2086 402 676 3 8821 8822 8823
2087 402 750 1 8824
2088 916 182 5 8825 8826 8827 8828 8829
2089 916 394 1 8830
2090 916 912 1 8831
2091 916 167 6 8832 8833 8834 8835 8836 8837
2092 916 364 2 8838 8839
2093 916 235 2 8840 8841
2094 821 82 3 8842 8843 8844
2095 821 182 7 8845 8846 8847 8848 8849 8850 8851
2096 821 394 1 8852
2097 821 100 1 8853
2098 821 167 6 8854 8855 8856 8857 8858 8859
2099 768 860 3 8860 8861 8862
2100 768 912 8 8863 8864 8865 8866 8867 8868 8869 8870
2101 874 860 1 8871
2102 874 912 3 8872 8873 8874
2103 835 364 3 8875 8876 8877
2104 835 860 6 8878 8879 8880 8881 8882 8883
2105 835 912 1 8884
2106 835 378 3 8885 8886 8887
2107 944 364 3 8888 8889 8890
2108 944 629 2 8891 8892
2109 944 860 14 8893 8894 8895 8896 8897 8898 8899 8900 8901 8902 8903 8904 8905 8906
2110 944 912 3 8907 8908 8909
2111 944 378 3 8910 8911 8912
2112 962 364 3 8913 8914 8915
2113 962 860 8 8916 8917 8918 8919 8920 8921 8922 8923
2114 962 912 3 8924 8925 8926
2115 962 378 3 8927 8928 8929
2116 916 912 1 8930
2117 883 364 1 8931
2118 883 860 4 8932 8933 8934 8935
2119 883 912 3 8936 8937 8938
2120 883 378 1 8939
2121 231 364 5 8940 8941 8942 8943 8944
2122 231 629 3 8945 8946 8947
2123 231 860 3 8948 8949 8950
2124 231 378 5 8951 8952 8953 8954 8955
2125 231 235 1 8956
2126 899 394 1 8957
2127 899 926 1 8958
2128 899 835 3 8959 8960 8961
2129 899 351 5 8962 8963 8964 8965 8966
2130 899 892 6 8967 8968 8969 8970 8971 8972
2131 899 810 5 8973 8974 8975 8976 8977
2132 899 582 3 8978 8979 8980
2133 899 975 3 8981 8982 8983
2134 925 394 1 8984
2135 925 921 1 8985
2136 925 926 1 8986
2137 925 835 3 8987 8988 8989
2138 925 351 5 8990 8991 8992 8993 8994
2139 925 892 7 8995 8996 8997 8998 8999 9000 9001
2140 925 810 4 9002 9003 9004 9005
2141 925 582 3 9006 9007 9008
2142 925 975 3 9009 9010 9011
2143 918 394 1 9012
2144 918 915 1 9013
2145 918 926 1 9014
2146 918 835 2 9015 9016
2147 918 351 5 9017 9018 9019 9020 9021
2148 918 892 7 9022 9023 9024 9025 9026 9027 9028
2149 918 810 5 9029 9030 9031 9032 9033
2150 918 582 3 9034 9035 9036
2151 918 975 3 9037 9038 9039
2152 990 915 3 9040 9041 9042
2153 990 921 3 9043 9044 9045
2154 990 892 3 9046 9047 9048
2155 950 915 4 9049 9050 9051 9052
2156 950 921 5 9053 9054 9055 9056 9057
2157 950 892 5 9058 9059 9060 9061 9062
2158 899 915 7 9063 9064 9065 9066 9067 9068 9069
2159 899 921 7 9070 9071 9072 9073 9074 9075 9076
2160 899 892 6 9077 9078 9079 9080 9081 9082
2161 874 915 3 9083 9084 9085
2162 874 921 3 9086 9087 9088
2163 874 892 3 9089 9090 9091
2164 835 915 1 9092
2165 835 921 1 9093
2166 835 892 1 9094
2167 984 915 6 9095 9096 9097 9098 9099 9100
2168 984 921 5 9101 9102 9103 9104 9105
2169 984 892 6 9106 9107 9108 9109 9110 9111
2170 953 915 1 9112
2171 953 921 1 9113
2172 953 892 1 9114
2173 925 921 1 9115
2174 918 915 1 9116
2175 883 915 6 9117 9118 9119 9120 9121 9122
2176 883 921 6 9123 9124 9125 9126 9127 9128
2177 883 892 6 9129 9130 9131 9132 9133 9134
2178 737 838 4 9135 9136 9137 9138
2179 737 874 1 9139
2180 877 838 13 9140 9141 9142 9143 9144 9145 9146 9147 9148 9149 9150 9151 9152
2181 877 874 9 9153 9154 9155 9156 9157 9158 9159 9160 9161
2182 877 1000 3 9162 9163 9164
2183 965 838 2 9165 9166
2184 965 874 5 9167 9168 9169 9170 9171
2185 965 1000 1 9172
2186 889 838 1 9173
2187 883 874 1 9174
2188 225 838 3 9175 9176 9177
2189 225 685 1 9178
2190 225 874 1 9179
2191 225 1000 6 9180 9181 9182 9183 9184 9185
2192 856 243 1 9186
2193 856 394 1 9187
2194 856 488 8 9188 9189 9190 9191 9192 9193 9194 9195
2195 856 351 3 9196 9197 9198
2196 856 940 3 9199 9200 9201
2197 856 701 1 9202
2198 889 394 1 9203
2199 889 488 6 9204 9205 9206 9207 9208 9209
2200 889 838 1 9210
2201 889 351 3 9211 9212 9213
2202 889 940 7 9214 9215 9216 9217 9218 9219 9220
2203 889 701 5 9221 9222 9223 9224 9225
2204 984 892 5 9226 9227 9228 9229 9230
2205 984 915 3 9231 9232 9233
2206 984 921 1 9234
2207 984 975 1 9235
2208 990 892 6 9236 9237 9238 9239 9240 9241
2209 990 915 3 9242 9243 9244
2210 990 921 3 9245 9246 9247
2211 990 926 1 9248
2212 990 975 6 9249 9250 9251 9252 9253 9254
2213 990 835 1 9255
2214 990 810 1 9256
2215 950 892 5 9257 9258 9259 9260 9261
2216 950 921 3 9262 9263 9264
2217 950 975 1 9265
2218 899 892 8 9266 9267 9268 9269 9270 9271 9272 9273
2219 899 915 1 9274
2220 899 921 1 9275
2221 899 926 2 9276 9277
2222 899 975 6 9278 9279 9280 9281 9282 9283
2223 899 835 5 9284 9285 9286 9287 9288
2224 899 810 5 9289 9290 9291 9292 9293
2225 953 892 2 9294 9295
2226 953 915 1 9296
2227 953 921 1 9297
2228 953 975 1 9298
2229 925 892 1 9299
2230 925 921 2 9300 9301
2231 925 926 1 9302
2232 925 975 3 9303 9304 9305
2233 925 835 3 9306 9307 9308
2234 925 810 1 9309
2235 918 892 1 9310
2236 918 915 2 9311 9312
2237 918 926 1 9313
2238 918 975 3 9314 9315 9316
2239 918 810 3 9317 9318 9319
2240 893 251 6 9320 9321 9322 9323 9324 9325
2241 893 689 3 9326 9327 9328
2242 893 824 3 9329 9330 9331
2243 893 924 3 9332 9333 9334
2244 893 193 1 9335
2245 893 385 5 9336 9337 9338 9339 9340
2246 893 333 3 9341 9342 9343
2247 893 780 1 9344
2248 893 770 3 9345 9346 9347
2249 893 941 1 9348
2250 893 783 1 9349
2251 893 803 3 9350 9351 9352
2252 893 56 1 9353
2253 893 118 1 9354
2254 893 748 1 9355
2255 893 705 1 9356
2256 918 394 1 9357
2257 918 488 1 9358
2258 918 915 1 9359
2259 918 926 1 9360
2260 918 835 1 9361
2261 918 351 8 9362 9363 9364 9365 9366 9367 9368 9369
2262 918 892 3 9370 9371 9372
2263 918 810 7 9373 9374 9375 9376 9377 9378 9379
2264 918 582 1 9380
2265 918 975 3 9381 9382 9383
2266 990 915 3 9384 9385 9386
2267 950 915 3 9387 9388 9389
2268 899 915 3 9390 9391 9392
2269 874 915 1 9393
2270 835 915 1 9394
2271 984 915 8 9395 9396 9397 9398 9399 9400 9401 9402
2272 965 915 1 9403
2273 953 915 1 9404
2274 918 915 1 9405
2275 883 915 9 9406 9407 9408 9409 9410 9411 9412 9413 9414
2276 925 182 1 9415
2277 925 394 6 9416 9417 9418 9419 9420 9421
2278 925 921 1 9422
2279 925 926 1 9423
2280 925 835 7 9424 9425 9426 9427 9428 9429 9430
2281 925 351 6 9431 9432 9433 9434 9435 9436
2282 925 892 3 9437 9438 9439
2283 925 810 5 9440 9441 9442 9443 9444
2284 925 582 1 9445
2285 925 975 3 9446 9447 9448
2286 990 921 3 9449 9450 9451
2287 950 921 8 9452 9453 9454 9455 9456 9457 9458 9459
2288 899 921 3 9460 9461 9462
2289 874 921 1 9463
2290 835 921 6 9464 9465 9466 9467 9468 9469
2291 984 921 3 9470 9471 9472
2292 962 921 1 9473
2293 953 921 1 9474
2294 925 921 1 9475
2295 883 921 5 9476 9477 9478 9479 9480
2296 1005 82 3 9481 9482 9483
2297 1005 182 1 9484
2298 1005 531 1 9485
2299 1005 317 3 9486 9487 9488
2300 1005 167 7 9489 9490 9491 9492 9493 9494 9495
2301 916 182 1 9496
2302 916 912 2 9497 9498
2303 916 167 5 9499 9500 9501 9502 9503
2304 916 364 1 9504
2305 916 235 3 9505 9506 9507
2306 821 82 1 9508
2307 821 182 1 9509
2308 821 167 8 9510 9511 9512 9513 9514 9515 9516 9517
2309 768 860 2 9518 9519
2310 768 912 3 9520 9521 9522
2311 944 860 12 9523 9524 9525 9526 9527 9528 9529 9530 9531 9532 9533 9534
2312 944 912 3 9535 9536 9537
2313 944 1006 7 9538 9539 9540 9541 9542 9543 9544
2314 381 1006 3 9545 9546 9547
2315 962 860 2 9548 9549
2316 962 912 1 9550
2317 962 1006 1 9551
2318 916 912 2 9552 9553
2319 534 1006 1 9554
2320 231 860 6 9555 9556 9557 9558 9559 9560
2321 231 378 3 9561 9562 9563
2322 231 1006 3 9564 9565 9566
2323 231 364 2 9567 9568
2324 231 235 1 9569
2325 737 838 3 9570 9571 9572
2326 877 838 9 9573 9574 9575 9576 9577 9578 9579 9580 9581
2327 877 1000 11 9582 9583 9584 9585 9586 9587 9588 9589 9590 9591 9592
2328 173 685 3 9593 9594 9595
2329 173 738 3 9596 9597 9598
2330 173 1000 6 9599 9600 9601 9602 9603 9604
2331 965 838 1 9605
2332 965 1000 2 9606 9607
2333 889 838 3 9608 9609 9610
2334 424 685 1 9611
2335 424 1000 2 9612 9613
2336 225 685 3 9614 9615 9616
2337 225 738 3 9617 9618 9619
2338 225 838 1 9620
2339 225 1000 11 9621 9622 9623 9624 9625 9626 9627 9628 9629 9630 9631
2340 856 243 1 9632
2341 856 488 5 9633 9634 9635 9636 9637
2342 856 838 1 9638
2343 856 940 6 9639 9640 9641 9642 9643 9644
2344 856 701 4 9645 9646 9647 9648
2345 1013 243 3 9649 9650 9651
2346 1013 488 5 9652 9653 9654 9655 9656
2347 1013 824 3 9657 9658 9659
2348 1013 838 1 9660
2349 1013 790 1 9661
2350 1013 940 9 9662 9663 9664 9665 9666 9667 9668 9669 9670
2351 1013 941 3 9671 9672 9673
2352 1013 701 1 9674
2353 889 488 1 9675
2354 889 838 3 9676 9677 9678
2355 889 940 3 9679 9680 9681
2356 889 701 3 9682 9683 9684
