2551 10380 2095
0 755 142 6 0 1 2 3 4 5
1 755 744 3 6 7 8
2 755 672 10 9 10 11 12 13 14 15 16 17 18
3 755 275 1 19
4 636 142 5 20 21 22 23 24
5 636 744 3 25 26 27
6 636 672 10 28 29 30 31 32 33 34 35 36 37
7 636 275 1 38
8 580 432 3 39 40 41
9 580 142 8 42 43 44 45 46 47 48 49
10 580 485 1 50
11 580 672 3 51 52 53
12 580 275 3 54 55 56
13 654 432 2 57 58
14 654 142 10 59 60 61 62 63 64 65 66 67 68
15 654 672 5 69 70 71 72 73
16 885 142 5 74 75 76 77 78
17 885 868 7 79 80 81 82 83 84 85
18 885 936 3 86 87 88
19 885 672 6 89 90 91 92 93 94
20 885 275 9 95 96 97 98 99 100 101 102 103
21 885 1009 3 104 105 106
22 685 142 1 107
23 685 744 3 108 109 110
24 685 672 6 111 112 113 114 115 116
25 713 905 3 117 118 119
26 713 142 3 120 121 122
27 713 744 8 123 124 125 126 127 128 129 130
28 713 672 9 131 132 133 134 135 136 137 138 139
29 754 432 4 140 141 142 143
30 754 934 2 144 145
31 754 142 6 146 147 148 149 150 151
32 754 485 6 152 153 154 155 156 157
33 754 868 9 158 159 160 161 162 163 164 165 166
34 754 957 1 167
35 754 936 5 168 169 170 171 172
36 754 672 7 173 174 175 176 177 178 179
37 754 275 14 180 181 182 183 184 185 186 187 188 189 190 191 192 193
38 754 1009 3 194 195 196
39 1002 432 3 197 198 199
40 1002 142 6 200 201 202 203 204 205
41 1002 485 1 206
42 1002 868 1 207
43 1002 936 1 208
44 1002 672 6 209 210 211 212 213 214
45 1002 275 3 215 216 217
46 1002 1009 3 218 219 220
47 664 142 6 221 222 223 224 225 226
48 664 868 5 227 228 229 230 231
49 664 936 5 232 233 234 235 236
50 664 672 3 237 238 239
51 664 275 8 240 241 242 243 244 245 246 247
52 664 1009 1 248
53 446 142 1 249
54 446 744 3 250 251 252
55 446 672 6 253 254 255 256 257 258
56 927 905 3 259 260 261
57 927 744 1 262
58 839 432 5 263 264 265 266 267
59 839 934 7 268 269 270 271 272 273 274
60 839 142 3 275 276 277
61 839 485 9 278 279 280 281 282 283 284 285 286
62 839 868 7 287 288 289 290 291 292 293
63 839 957 5 294 295 296 297 298
64 839 936 9 299 300 301 302 303 304 305 306 307
65 839 672 3 308 309 310
66 839 275 10 311 312 313 314 315 316 317 318 319 320
67 839 998 1 321
68 839 1009 6 322 323 324 325 326 327
69 530 980 2 328 329
70 530 142 10 330 331 332 333 334 335 336 337 338 339
71 530 744 3 340 341 342
72 530 868 1 343
73 530 936 5 344 345 346 347 348
74 530 539 1 349
75 530 672 6 350 351 352 353 354 355
76 530 275 8 356 357 358 359 360 361 362 363
77 672 431 1 364
78 672 287 5 365 366 367 368 369
79 672 94 1 370
80 606 431 1 371
81 606 287 5 372 373 374 375 376
82 606 94 3 377 378 379
83 724 85 3 380 381 382
84 724 431 3 383 384 385
85 724 287 9 386 387 388 389 390 391 392 393 394
86 724 94 1 395
87 331 431 5 396 397 398 399 400
88 331 287 3 401 402 403
89 331 484 3 404 405 406
90 331 503 3 407 408 409
91 331 94 9 410 411 412 413 414 415 416 417 418
92 331 200 12 419 420 421 422 423 424 425 426 427 428 429 430
93 837 85 3 431 432 433
94 837 431 6 434 435 436 437 438 439
95 837 539 1 440
96 837 287 10 441 442 443 444 445 446 447 448 449 450
97 837 83 1 451
98 837 520 1 452
99 837 484 1 453
100 837 503 3 454 455 456
101 837 94 5 457 458 459 460 461
102 837 200 6 462 463 464 465 466 467
103 228 503 1 468
104 228 94 5 469 470 471 472 473
105 228 200 5 474 475 476 477 478
106 623 431 3 479 480 481
107 623 539 1 482
108 623 287 1 483
109 623 484 3 484 485 486
110 623 503 5 487 488 489 490 491
111 623 94 3 492 493 494
112 623 200 9 495 496 497 498 499 500 501 502 503
113 303 659 1 504
114 303 94 3 505 506 507
115 755 142 13 508 509 510 511 512 513 514 515 516 517 518 519 520
116 755 297 3 521 522 523
117 755 744 6 524 525 526 527 528 529
118 755 672 3 530 531 532
119 755 275 3 533 534 535
120 885 142 3 536 537 538
121 885 275 5 539 540 541 542 543
122 713 905 6 544 545 546 547 548 549
123 713 142 5 550 551 552 553 554
124 713 297 1 555
125 713 744 12 556 557 558 559 560 561 562 563 564 565 566 567
126 713 672 3 568 569 570
127 685 450 3 571 572 573
128 685 142 5 574 575 576 577 578
129 685 297 14 579 580 581 582 583 584 585 586 587 588 589 590 591 592
130 685 744 9 593 594 595 596 597 598 599 600 601
131 685 672 3 602 603 604
132 754 432 1 605
133 754 485 3 606 607 608
134 754 275 3 609 610 611
135 636 905 3 612 613 614
136 636 142 16 615 616 617 618 619 620 621 622 623 624 625 626 627 628 629 630
137 636 297 12 631 632 633 634 635 636 637 638 639 640 641 642
138 636 744 18 643 644 645 646 647 648 649 650 651 652 653 654 655 656 657 658 659 660
139 636 672 3 661 662 663
140 636 275 2 664 665
141 654 432 1 666
142 654 142 3 667 668 669
143 664 142 3 670 671 672
144 664 275 3 673 674 675
145 446 450 3 676 677 678
146 446 142 5 679 680 681 682 683
147 446 297 10 684 685 686 687 688 689 690 691 692 693
148 446 744 6 694 695 696 697 698 699
149 446 672 3 700 701 702
150 927 905 3 703 704 705
151 927 744 1 706
152 632 450 3 707 708 709
153 632 905 1 710
154 632 297 9 711 712 713 714 715 716 717 718 719
155 632 744 6 720 721 722 723 724 725
156 580 432 7 726 727 728 729 730 731 732
157 580 142 15 733 734 735 736 737 738 739 740 741 742 743 744 745 746 747
158 580 485 3 748 749 750
159 580 297 1 751
160 580 275 6 752 753 754 755 756 757
161 530 450 3 758 759 760
162 530 980 1 761
163 530 142 12 762 763 764 765 766 767 768 769 770 771 772 773
164 530 539 3 774 775 776
165 530 297 10 777 778 779 780 781 782 783 784 785 786
166 530 744 3 787 788 789
167 530 672 1 790
168 530 275 4 791 792 793 794
169 400 450 3 795 796 797
170 400 297 1 798
171 963 432 1 799
172 963 539 3 800 801 802
173 963 485 3 803 804 805
174 963 275 3 806 807 808
175 631 450 7 809 810 811 812 813 814 815
176 631 539 3 816 817 818
177 631 142 1 819
178 631 297 3 820 821 822
179 631 275 1 823
180 803 432 1 824
181 803 539 3 825 826 827
182 803 485 3 828 829 830
183 803 275 3 831 832 833
184 755 450 7 834 835 836 837 838 839 840
185 755 539 3 841 842 843
186 755 142 5 844 845 846 847 848
187 755 297 6 849 850 851 852 853 854
188 755 275 3 855 856 857
189 885 450 3 858 859 860
190 885 539 10 861 862 863 864 865 866 867 868 869 870
191 885 142 3 871 872 873
192 885 297 1 874
193 885 275 9 875 876 877 878 879 880 881 882 883
194 685 450 7 884 885 886 887 888 889 890
195 685 142 1 891
196 685 297 5 892 893 894 895 896
197 196 450 3 897 898 899
198 196 297 1 900
199 872 432 3 901 902 903
200 872 450 3 904 905 906
201 872 539 8 907 908 909 910 911 912 913 914
202 872 142 5 915 916 917 918 919
203 872 485 3 920 921 922
204 872 297 3 923 924 925
205 872 275 9 926 927 928 929 930 931 932 933 934
206 754 432 2 935 936
207 754 539 6 937 938 939 940 941 942
208 754 485 6 943 944 945 946 947 948
209 754 275 9 949 950 951 952 953 954 955 956 957
210 636 450 6 958 959 960 961 962 963
211 636 539 3 964 965 966
212 636 142 3 967 968 969
213 636 297 8 970 971 972 973 974 975 976 977
214 636 275 3 978 979 980
215 664 450 3 981 982 983
216 664 539 6 984 985 986 987 988 989
217 664 142 3 990 991 992
218 664 297 1 993
219 664 275 7 994 995 996 997 998 999 1000
220 446 450 3 1001 1002 1003
221 446 142 1 1004
222 446 297 3 1005 1006 1007
223 632 450 9 1008 1009 1010 1011 1012 1013 1014 1015 1016
224 632 297 6 1017 1018 1019 1020 1021 1022
225 580 432 6 1023 1024 1025 1026 1027 1028
226 580 450 3 1029 1030 1031
227 580 539 6 1032 1033 1034 1035 1036 1037
228 580 142 9 1038 1039 1040 1041 1042 1043 1044 1045 1046
229 580 485 3 1047 1048 1049
230 580 297 5 1050 1051 1052 1053 1054
231 580 275 9 1055 1056 1057 1058 1059 1060 1061 1062 1063
232 530 450 7 1064 1065 1066 1067 1068 1069 1070
233 530 539 8 1071 1072 1073 1074 1075 1076 1077 1078
234 530 980 1 1079
235 530 142 3 1080 1081 1082
236 530 297 3 1083 1084 1085
237 530 275 3 1086 1087 1088
238 724 85 4 1089 1090 1091 1092
239 724 431 3 1093 1094 1095
240 724 287 10 1096 1097 1098 1099 1100 1101 1102 1103 1104 1105
241 724 83 1 1106
242 672 431 4 1107 1108 1109 1110
243 672 886 3 1111 1112 1113
244 672 287 25 1114 1115 1116 1117 1118 1119 1120 1121 1122 1123 1124 1125 1126 1127 1128 1129 1130 1131 1132 1133 1134 1135 1136 1137 1138
245 672 757 9 1139 1140 1141 1142 1143 1144 1145 1146 1147
246 619 431 1 1148
247 619 886 3 1149 1150 1151
248 619 287 3 1152 1153 1154
249 619 757 5 1155 1156 1157 1158 1159
250 799 659 3 1160 1161 1162
251 799 287 3 1163 1164 1165
252 799 94 7 1166 1167 1168 1169 1170 1171 1172
253 799 757 3 1173 1174 1175
254 744 85 2 1176 1177
255 744 886 3 1178 1179 1180
256 744 287 13 1181 1182 1183 1184 1185 1186 1187 1188 1189 1190 1191 1192 1193
257 744 757 8 1194 1195 1196 1197 1198 1199 1200 1201
258 606 431 3 1202 1203 1204
259 606 886 1 1205
260 606 287 19 1206 1207 1208 1209 1210 1211 1212 1213 1214 1215 1216 1217 1218 1219 1220 1221 1222 1223 1224
261 606 94 5 1225 1226 1227 1228 1229
262 606 757 9 1230 1231 1232 1233 1234 1235 1236 1237 1238
263 228 659 3 1239 1240 1241
264 228 94 13 1242 1243 1244 1245 1246 1247 1248 1249 1250 1251 1252 1253 1254
265 228 200 1 1255
266 894 85 1 1256
267 894 886 3 1257 1258 1259
268 894 287 3 1260 1261 1262
269 894 757 5 1263 1264 1265 1266 1267
270 331 431 3 1268 1269 1270
271 331 287 3 1271 1272 1273
272 331 484 1 1274
273 331 94 9 1275 1276 1277 1278 1279 1280 1281 1282 1283
274 331 200 3 1284 1285 1286
275 303 659 3 1287 1288 1289
276 303 94 3 1290 1291 1292
277 672 287 3 1293 1294 1295
278 672 94 3 1296 1297 1298
279 606 287 1 1299
280 606 94 3 1300 1301 1302
281 941 85 1 1303
282 941 424 6 1304 1305 1306 1307 1308 1309
283 941 287 3 1310 1311 1312
284 941 503 6 1313 1314 1315 1316 1317 1318
285 941 94 6 1319 1320 1321 1322 1323 1324
286 941 200 1 1325
287 724 85 1 1326
288 724 287 5 1327 1328 1329 1330 1331
289 724 94 3 1332 1333 1334
290 650 424 6 1335 1336 1337 1338 1339 1340
291 650 539 4 1341 1342 1343 1344
292 650 503 10 1345 1346 1347 1348 1349 1350 1351 1352 1353 1354
293 331 424 3 1355 1356 1357
294 331 503 6 1358 1359 1360 1361 1362 1363
295 331 94 9 1364 1365 1366 1367 1368 1369 1370 1371 1372
296 331 200 3 1373 1374 1375
297 837 85 2 1376 1377
298 837 424 3 1378 1379 1380
299 837 539 1 1381
300 837 287 6 1382 1383 1384 1385 1386 1387
301 837 503 5 1388 1389 1390 1391 1392
302 837 94 16 1393 1394 1395 1396 1397 1398 1399 1400 1401 1402 1403 1404 1405 1406 1407 1408
303 837 200 3 1409 1410 1411
304 499 424 3 1412 1413 1414
305 499 539 3 1415 1416 1417
306 499 503 6 1418 1419 1420 1421 1422 1423
307 228 424 6 1424 1425 1426 1427 1428 1429
308 228 503 6 1430 1431 1432 1433 1434 1435
309 228 94 10 1436 1437 1438 1439 1440 1441 1442 1443 1444 1445
310 228 200 3 1446 1447 1448
311 623 424 6 1449 1450 1451 1452 1453 1454
312 623 539 2 1455 1456
313 623 503 13 1457 1458 1459 1460 1461 1462 1463 1464 1465 1466 1467 1468 1469
314 623 94 6 1470 1471 1472 1473 1474 1475
315 623 200 3 1476 1477 1478
316 563 424 5 1479 1480 1481 1482 1483
317 563 539 1 1484
318 563 503 5 1485 1486 1487 1488 1489
319 303 424 5 1490 1491 1492 1493 1494
320 303 659 1 1495
321 303 503 1 1496
322 303 94 4 1497 1498 1499 1500
323 672 431 1 1501
324 672 886 5 1502 1503 1504 1505 1506
325 672 287 5 1507 1508 1509 1510 1511
326 672 757 7 1512 1513 1514 1515 1516 1517 1518
327 619 431 3 1519 1520 1521
328 619 659 3 1522 1523 1524
329 619 886 5 1525 1526 1527 1528 1529
330 619 287 12 1530 1531 1532 1533 1534 1535 1536 1537 1538 1539 1540 1541
331 619 94 1 1542
332 619 757 16 1543 1544 1545 1546 1547 1548 1549 1550 1551 1552 1553 1554 1555 1556 1557 1558
333 283 999 1 1559
334 283 841 6 1560 1561 1562 1563 1564 1565
335 283 200 1 1566
336 283 879 3 1567 1568 1569
337 799 659 7 1570 1571 1572 1573 1574 1575 1576
338 799 287 1 1577
339 799 94 3 1578 1579 1580
340 799 757 3 1581 1582 1583
341 744 886 5 1584 1585 1586 1587 1588
342 744 287 1 1589
343 744 757 5 1590 1591 1592 1593 1594
344 1010 431 3 1595 1596 1597
345 1010 659 8 1598 1599 1600 1601 1602 1603 1604 1605
346 1010 484 1 1606
347 1010 287 5 1607 1608 1609 1610 1611
348 1010 94 5 1612 1613 1614 1615 1616
349 1010 999 3 1617 1618 1619
350 1010 757 3 1620 1621 1622
351 1010 841 1 1623
352 1010 200 3 1624 1625 1626
353 1010 879 1 1627
354 430 431 3 1628 1629 1630
355 430 659 3 1631 1632 1633
356 430 935 1 1634
357 430 484 3 1635 1636 1637
358 430 287 1 1638
359 430 94 3 1639 1640 1641
360 430 999 6 1642 1643 1644 1645 1646 1647
361 430 841 13 1648 1649 1650 1651 1652 1653 1654 1655 1656 1657 1658 1659 1660
362 430 956 1 1661
363 430 200 10 1662 1663 1664 1665 1666 1667 1668 1669 1670 1671
364 430 879 9 1672 1673 1674 1675 1676 1677 1678 1679 1680
365 606 431 1 1681
366 606 659 6 1682 1683 1684 1685 1686 1687
367 606 886 1 1688
368 606 287 8 1689 1690 1691 1692 1693 1694 1695 1696
369 606 94 5 1697 1698 1699 1700 1701
370 606 757 8 1702 1703 1704 1705 1706 1707 1708 1709
371 228 659 13 1710 1711 1712 1713 1714 1715 1716 1717 1718 1719 1720 1721 1722
372 228 94 8 1723 1724 1725 1726 1727 1728 1729 1730
373 228 999 5 1731 1732 1733 1734 1735
374 228 841 5 1736 1737 1738 1739 1740
375 228 200 6 1741 1742 1743 1744 1745 1746
376 228 879 3 1747 1748 1749
377 894 886 3 1750 1751 1752
378 894 757 1 1753
379 864 431 5 1754 1755 1756 1757 1758
380 864 659 3 1759 1760 1761
381 864 935 6 1762 1763 1764 1765 1766 1767
382 864 484 9 1768 1769 1770 1771 1772 1773 1774 1775 1776
383 864 287 1 1777
384 864 94 3 1778 1779 1780
385 864 999 6 1781 1782 1783 1784 1785 1786
386 864 841 8 1787 1788 1789 1790 1791 1792 1793 1794
387 864 956 5 1795 1796 1797 1798 1799
388 864 200 10 1800 1801 1802 1803 1804 1805 1806 1807 1808 1809
389 864 997 1 1810
390 864 879 9 1811 1812 1813 1814 1815 1816 1817 1818 1819
391 331 431 5 1820 1821 1822 1823 1824
392 331 659 7 1825 1826 1827 1828 1829 1830 1831
393 331 484 3 1832 1833 1834
394 331 287 3 1835 1836 1837
395 331 94 9 1838 1839 1840 1841 1842 1843 1844 1845 1846
396 331 999 3 1847 1848 1849
397 331 841 1 1850
398 331 200 8 1851 1852 1853 1854 1855 1856 1857 1858
399 331 879 1 1859
400 303 659 3 1860 1861 1862
401 303 94 1 1863
402 837 85 1 1864
403 837 424 3 1865 1866 1867
404 837 287 3 1868 1869 1870
405 837 94 6 1871 1872 1873 1874 1875 1876
406 941 85 2 1877 1878
407 941 424 6 1879 1880 1881 1882 1883 1884
408 941 287 6 1885 1886 1887 1888 1889 1890
409 941 94 6 1891 1892 1893 1894 1895 1896
410 660 85 1 1897
411 660 424 3 1898 1899 1900
412 660 287 3 1901 1902 1903
413 660 94 3 1904 1905 1906
414 511 85 1 1907
415 511 424 3 1908 1909 1910
416 511 287 3 1911 1912 1913
417 511 94 3 1914 1915 1916
418 724 85 2 1917 1918
419 724 424 1 1919
420 724 287 10 1920 1921 1922 1923 1924 1925 1926 1927 1928 1929
421 724 94 5 1930 1931 1932 1933 1934
422 672 424 1 1935
423 672 287 7 1936 1937 1938 1939 1940 1941 1942
424 672 94 8 1943 1944 1945 1946 1947 1948 1949 1950
425 623 424 3 1951 1952 1953
426 623 94 1 1954
427 606 424 1 1955
428 606 287 1 1956
429 606 94 9 1957 1958 1959 1960 1961 1962 1963 1964 1965
430 93 424 6 1966 1967 1968 1969 1970 1971
431 93 659 3 1972 1973 1974
432 93 564 3 1975 1976 1977
433 93 94 3 1978 1979 1980
434 650 424 3 1981 1982 1983
435 525 424 3 1984 1985 1986
436 525 564 1 1987
437 257 424 1 1988
438 257 564 6 1989 1990 1991 1992 1993 1994
439 389 424 3 1995 1996 1997
440 389 564 1 1998
441 165 424 3 1999 2000 2001
442 165 564 3 2002 2003 2004
443 771 424 1 2005
444 771 94 3 2006 2007 2008
445 129 424 5 2009 2010 2011 2012 2013
446 129 659 3 2014 2015 2016
447 129 564 5 2017 2018 2019 2020 2021
448 129 94 3 2022 2023 2024
449 514 85 3 2025 2026 2027
450 514 424 6 2028 2029 2030 2031 2032 2033
451 514 287 3 2034 2035 2036
452 514 128 1 2037
453 514 564 3 2038 2039 2040
454 514 94 3 2041 2042 2043
455 514 419 1 2044
456 744 85 1 2045
457 744 424 1 2046
458 744 287 6 2047 2048 2049 2050 2051 2052
459 744 94 6 2053 2054 2055 2056 2057 2058
460 331 424 3 2059 2060 2061
461 331 94 6 2062 2063 2064 2065 2066 2067
462 799 424 1 2068
463 799 94 3 2069 2070 2071
464 75 424 5 2072 2073 2074 2075 2076
465 75 659 3 2077 2078 2079
466 75 564 1 2080
467 75 94 3 2081 2082 2083
468 363 424 3 2084 2085 2086
469 363 659 3 2087 2088 2089
470 363 94 7 2090 2091 2092 2093 2094 2095 2096
471 499 424 5 2097 2098 2099 2100 2101
472 499 564 1 2102
473 479 424 1 2103
474 479 564 6 2104 2105 2106 2107 2108 2109
475 293 424 3 2110 2111 2112
476 293 564 3 2113 2114 2115
477 461 85 3 2116 2117 2118
478 461 260 3 2119 2120 2121
479 461 424 5 2122 2123 2124 2125 2126
480 461 659 3 2127 2128 2129
481 461 287 3 2130 2131 2132
482 461 128 3 2133 2134 2135
483 461 191 3 2136 2137 2138
484 461 433 3 2139 2140 2141
485 461 564 6 2142 2143 2144 2145 2146 2147
486 461 94 9 2148 2149 2150 2151 2152 2153 2154 2155 2156
487 461 757 1 2157
488 461 419 3 2158 2159 2160
489 461 763 1 2161
490 461 886 1 2162
491 573 85 10 2163 2164 2165 2166 2167 2168 2169 2170 2171 2172
492 573 424 3 2173 2174 2175
493 573 287 6 2176 2177 2178 2179 2180 2181
494 573 128 3 2182 2183 2184
495 573 191 1 2185
496 573 564 3 2186 2187 2188
497 573 94 5 2189 2190 2191 2192 2193
498 573 419 3 2194 2195 2196
499 228 424 3 2197 2198 2199
500 228 94 6 2200 2201 2202 2203 2204 2205
501 369 424 6 2206 2207 2208 2209 2210 2211
502 369 659 3 2212 2213 2214
503 369 564 1 2215
504 369 94 3 2216 2217 2218
505 563 424 7 2219 2220 2221 2222 2223 2224 2225
506 563 564 5 2226 2227 2228 2229 2230
507 513 85 9 2231 2232 2233 2234 2235 2236 2237 2238 2239
508 513 260 6 2240 2241 2242 2243 2244 2245
509 513 424 3 2246 2247 2248
510 513 287 3 2249 2250 2251
511 513 128 5 2252 2253 2254 2255 2256
512 513 191 5 2257 2258 2259 2260 2261
513 513 433 3 2262 2263 2264
514 513 564 6 2265 2266 2267 2268 2269 2270
515 513 94 3 2271 2272 2273
516 513 419 3 2274 2275 2276
517 303 424 10 2277 2278 2279 2280 2281 2282 2283 2284 2285 2286
518 303 659 3 2287 2288 2289
519 303 564 1 2290
520 303 94 7 2291 2292 2293 2294 2295 2296 2297
521 619 886 3 2298 2299 2300
522 619 757 1 2301
523 606 886 3 2302 2303 2304
524 606 287 6 2305 2306 2307 2308 2309 2310
525 606 94 5 2311 2312 2313 2314 2315
526 606 757 8 2316 2317 2318 2319 2320 2321 2322 2323
527 93 659 3 2324 2325 2326
528 724 85 1 2327
529 724 287 3 2328 2329 2330
530 672 886 6 2331 2332 2333 2334 2335 2336
531 672 287 7 2337 2338 2339 2340 2341 2342 2343
532 672 757 10 2344 2345 2346 2347 2348 2349 2350 2351 2352 2353
533 771 659 6 2354 2355 2356 2357 2358 2359
534 771 287 1 2360
535 771 94 6 2361 2362 2363 2364 2365 2366
536 771 757 3 2367 2368 2369
537 129 659 3 2370 2371 2372
538 331 94 1 2373
539 799 659 6 2374 2375 2376 2377 2378 2379
540 799 287 3 2380 2381 2382
541 799 94 9 2383 2384 2385 2386 2387 2388 2389 2390 2391
542 799 757 6 2392 2393 2394 2395 2396 2397
543 75 659 3 2398 2399 2400
544 363 659 6 2401 2402 2403 2404 2405 2406
545 363 94 3 2407 2408 2409
546 744 85 9 2410 2411 2412 2413 2414 2415 2416 2417 2418
547 744 886 14 2419 2420 2421 2422 2423 2424 2425 2426 2427 2428 2429 2430 2431 2432
548 744 287 13 2433 2434 2435 2436 2437 2438 2439 2440 2441 2442 2443 2444 2445
549 744 191 3 2446 2447 2448
550 744 757 7 2449 2450 2451 2452 2453 2454 2455
551 744 763 3 2456 2457 2458
552 461 85 1 2459
553 461 260 1 2460
554 461 659 6 2461 2462 2463 2464 2465 2466
555 461 886 3 2467 2468 2469
556 461 287 5 2470 2471 2472 2473 2474
557 461 191 4 2475 2476 2477 2478
558 461 94 5 2479 2480 2481 2482 2483
559 461 757 7 2484 2485 2486 2487 2488 2489 2490
560 461 763 3 2491 2492 2493
561 573 85 5 2494 2495 2496 2497 2498
562 573 886 7 2499 2500 2501 2502 2503 2504 2505
563 573 287 5 2506 2507 2508 2509 2510
564 573 191 5 2511 2512 2513 2514 2515
565 573 757 3 2516 2517 2518
566 573 763 3 2519 2520 2521
567 228 659 3 2522 2523 2524
568 228 94 6 2525 2526 2527 2528 2529 2530
569 369 659 3 2531 2532 2533
570 369 94 1 2534
571 894 85 3 2535 2536 2537
572 894 886 5 2538 2539 2540 2541 2542
573 894 287 3 2543 2544 2545
574 894 191 1 2546
575 894 757 3 2547 2548 2549
576 894 763 1 2550
577 513 85 3 2551 2552 2553
578 513 260 3 2554 2555 2556
579 513 886 6 2557 2558 2559 2560 2561 2562
580 513 287 6 2563 2564 2565 2566 2567 2568
581 513 191 12 2569 2570 2571 2572 2573 2574 2575 2576 2577 2578 2579 2580
582 513 757 3 2581 2582 2583
583 513 763 6 2584 2585 2586 2587 2588 2589
584 303 659 6 2590 2591 2592 2593 2594 2595
585 303 94 3 2596 2597 2598
586 650 18 3 2599 2600 2601
587 650 424 3 2602 2603 2604
588 650 450 3 2605 2606 2607
589 650 539 7 2608 2609 2610 2611 2612 2613 2614
590 650 128 1 2615
591 650 255 3 2616 2617 2618
592 650 503 3 2619 2620 2621
593 650 564 6 2622 2623 2624 2625 2626 2627
594 650 584 1 2628
595 650 419 6 2629 2630 2631 2632 2633 2634
596 532 450 3 2635 2636 2637
597 532 584 1 2638
598 631 18 3 2639 2640 2641
599 631 424 1 2642
600 631 450 6 2643 2644 2645 2646 2647 2648
601 631 539 3 2649 2650 2651
602 631 128 1 2652
603 631 255 6 2653 2654 2655 2656 2657 2658
604 631 503 1 2659
605 631 564 5 2660 2661 2662 2663 2664
606 631 584 6 2665 2666 2667 2668 2669 2670
607 631 419 5 2671 2672 2673 2674 2675
608 631 226 1 2676
609 196 450 9 2677 2678 2679 2680 2681 2682 2683 2684 2685
610 196 584 7 2686 2687 2688 2689 2690 2691 2692
611 196 226 1 2693
612 499 18 2 2694 2695
613 499 424 3 2696 2697 2698
614 499 450 6 2699 2700 2701 2702 2703 2704
615 499 539 7 2705 2706 2707 2708 2709 2710 2711
616 499 255 6 2712 2713 2714 2715 2716 2717
617 499 503 3 2718 2719 2720
618 499 564 12 2721 2722 2723 2724 2725 2726 2727 2728 2729 2730 2731 2732
619 499 584 6 2733 2734 2735 2736 2737 2738
620 499 419 6 2739 2740 2741 2742 2743 2744
621 632 450 3 2745 2746 2747
622 632 584 1 2748
623 563 424 1 2749
624 563 450 5 2750 2751 2752 2753 2754
625 563 539 2 2755 2756
626 563 503 1 2757
627 563 564 2 2758 2759
628 563 584 3 2760 2761 2762
629 400 18 2 2763 2764
630 400 450 6 2765 2766 2767 2768 2769 2770
631 400 255 10 2771 2772 2773 2774 2775 2776 2777 2778 2779 2780
632 400 564 3 2781 2782 2783
633 400 584 14 2784 2785 2786 2787 2788 2789 2790 2791 2792 2793 2794 2795 2796 2797
634 400 419 3 2798 2799 2800
635 400 226 5 2801 2802 2803 2804 2805
636 803 450 1 2806
637 803 539 5 2807 2808 2809 2810 2811
638 872 450 3 2812 2813 2814
639 872 539 3 2815 2816 2817
640 283 450 1 2818
641 283 539 3 2819 2820 2821
642 754 450 1 2822
643 754 539 6 2823 2824 2825 2826 2827 2828
644 707 450 1 2829
645 707 539 3 2830 2831 2832
646 316 450 1 2833
647 316 539 3 2834 2835 2836
648 580 450 3 2837 2838 2839
649 580 539 3 2840 2841 2842
650 755 450 3 2843 2844 2845
651 755 539 1 2846
652 963 450 1 2847
653 963 539 5 2848 2849 2850 2851 2852
654 546 450 1 2853
655 546 539 3 2854 2855 2856
656 631 450 6 2857 2858 2859 2860 2861 2862
657 631 539 2 2863 2864
658 430 450 1 2865
659 430 539 3 2866 2867 2868
660 228 450 1 2869
661 228 539 3 2870 2871 2872
662 400 450 3 2873 2874 2875
663 885 450 3 2876 2877 2878
664 885 539 6 2879 2880 2881 2882 2883 2884
665 431 450 1 2885
666 431 539 3 2886 2887 2888
667 485 450 1 2889
668 485 539 3 2890 2891 2892
669 216 450 3 2893 2894 2895
670 216 539 6 2896 2897 2898 2899 2900 2901
671 216 980 3 2902 2903 2904
672 636 450 3 2905 2906 2907
673 636 539 1 2908
674 685 450 3 2909 2910 2911
675 196 450 6 2912 2913 2914 2915 2916 2917
676 772 450 1 2918
677 772 539 3 2919 2920 2921
678 650 450 3 2922 2923 2924
679 650 539 5 2925 2926 2927 2928 2929
680 331 450 1 2930
681 331 539 3 2931 2932 2933
682 303 450 3 2934 2935 2936
683 303 539 7 2937 2938 2939 2940 2941 2942 2943
684 303 980 3 2944 2945 2946
685 499 450 3 2947 2948 2949
686 499 539 3 2950 2951 2952
687 532 450 3 2953 2954 2955
688 664 450 3 2956 2957 2958
689 664 539 6 2959 2960 2961 2962 2963 2964
690 436 450 3 2965 2966 2967
691 436 539 6 2968 2969 2970 2971 2972 2973
692 436 980 3 2974 2975 2976
693 446 450 3 2977 2978 2979
694 632 450 5 2980 2981 2982 2983 2984
695 623 450 1 2985
696 623 539 3 2986 2987 2988
697 563 450 7 2989 2990 2991 2992 2993 2994 2995
698 563 539 5 2996 2997 2998 2999 3000
699 530 450 6 3001 3002 3003 3004 3005 3006
700 530 539 6 3007 3008 3009 3010 3011 3012
701 530 980 3 3013 3014 3015
702 963 120 1 3016
703 963 432 1 3017
704 963 539 3 3018 3019 3020
705 963 485 8 3021 3022 3023 3024 3025 3026 3027 3028
706 963 275 6 3029 3030 3031 3032 3033 3034
707 803 120 1 3035
708 803 432 2 3036 3037
709 803 539 3 3038 3039 3040
710 803 485 11 3041 3042 3043 3044 3045 3046 3047 3048 3049 3050 3051
711 803 275 10 3052 3053 3054 3055 3056 3057 3058 3059 3060 3061
712 885 539 3 3062 3063 3064
713 885 275 6 3065 3066 3067 3068 3069 3070
714 754 432 1 3071
715 754 539 3 3072 3073 3074
716 754 485 3 3075 3076 3077
717 754 275 8 3078 3079 3080 3081 3082 3083 3084 3085
718 664 539 3 3086 3087 3088
719 664 275 6 3089 3090 3091 3092 3093 3094
720 530 539 6 3095 3096 3097 3098 3099 3100
721 530 980 1 3101
722 530 275 3 3102 3103 3104
723 803 120 1 3105
724 803 432 1 3106
725 803 485 10 3107 3108 3109 3110 3111 3112 3113 3114 3115 3116
726 803 275 1 3117
727 803 998 1 3118
728 885 868 3 3119 3120 3121
729 885 936 7 3122 3123 3124 3125 3126 3127 3128
730 885 275 6 3129 3130 3131 3132 3133 3134
731 897 120 2 3135 3136
732 897 432 1 3137
733 897 485 7 3138 3139 3140 3141 3142 3143 3144
734 897 998 5 3145 3146 3147 3148 3149
735 754 432 2 3150 3151
736 754 934 3 3152 3153 3154
737 754 485 11 3155 3156 3157 3158 3159 3160 3161 3162 3163 3164 3165
738 754 868 3 3166 3167 3168
739 754 957 5 3169 3170 3171 3172 3173
740 754 936 10 3174 3175 3176 3177 3178 3179 3180 3181 3182 3183
741 754 275 11 3184 3185 3186 3187 3188 3189 3190 3191 3192 3193 3194
742 754 998 3 3195 3196 3197
743 664 868 3 3198 3199 3200
744 664 936 6 3201 3202 3203 3204 3205 3206
745 664 275 6 3207 3208 3209 3210 3211 3212
746 839 432 2 3213 3214
747 839 934 3 3215 3216 3217
748 839 485 11 3218 3219 3220 3221 3222 3223 3224 3225 3226 3227 3228
749 839 957 12 3229 3230 3231 3232 3233 3234 3235 3236 3237 3238 3239 3240
750 839 936 1 3241
751 839 275 1 3242
752 839 998 8 3243 3244 3245 3246 3247 3248 3249 3250
753 530 980 3 3251 3252 3253
754 530 936 5 3254 3255 3256 3257 3258
755 530 539 3 3259 3260 3261
756 530 275 6 3262 3263 3264 3265 3266 3267
757 631 18 3 3268 3269 3270
758 631 87 3 3271 3272 3273
759 631 450 9 3274 3275 3276 3277 3278 3279 3280 3281 3282
760 631 539 7 3283 3284 3285 3286 3287 3288 3289
761 631 128 1 3290
762 631 255 6 3291 3292 3293 3294 3295 3296
763 631 297 6 3297 3298 3299 3300 3301 3302
764 631 28 1 3303
765 631 584 5 3304 3305 3306 3307 3308
766 631 275 1 3309
767 631 503 1 3310
768 631 419 3 3311 3312 3313
769 631 226 7 3314 3315 3316 3317 3318 3319 3320
770 631 142 1 3321
771 631 564 3 3322 3323 3324
772 631 424 1 3325
773 632 87 1 3326
774 632 450 6 3327 3328 3329 3330 3331 3332
775 632 297 3 3333 3334 3335
776 632 584 1 3336
777 400 18 1 3337
778 400 87 5 3338 3339 3340 3341 3342
779 400 450 6 3343 3344 3345 3346 3347 3348
780 400 255 3 3349 3350 3351
781 400 297 3 3352 3353 3354
782 400 28 3 3355 3356 3357
783 400 584 3 3358 3359 3360
784 400 226 10 3361 3362 3363 3364 3365 3366 3367 3368 3369 3370
785 196 87 5 3371 3372 3373 3374 3375
786 196 450 9 3376 3377 3378 3379 3380 3381 3382 3383 3384
787 196 297 5 3385 3386 3387 3388 3389
788 196 28 1 3390
789 196 584 5 3391 3392 3393 3394 3395
790 196 226 3 3396 3397 3398
791 532 450 3 3399 3400 3401
792 532 564 3 3402 3403 3404
793 532 584 8 3405 3406 3407 3408 3409 3410 3411 3412
794 196 450 3 3413 3414 3415
795 196 564 1 3416
796 196 584 14 3417 3418 3419 3420 3421 3422 3423 3424 3425 3426 3427 3428 3429 3430
797 196 226 1 3431
798 499 18 2 3432 3433
799 499 419 10 3434 3435 3436 3437 3438 3439 3440 3441 3442 3443
800 499 255 7 3444 3445 3446 3447 3448 3449 3450
801 499 564 10 3451 3452 3453 3454 3455 3456 3457 3458 3459 3460
802 499 584 1 3461
803 632 450 3 3462 3463 3464
804 632 584 3 3465 3466 3467
805 563 419 3 3468 3469 3470
806 563 450 1 3471
807 563 564 11 3472 3473 3474 3475 3476 3477 3478 3479 3480 3481 3482
808 563 584 5 3483 3484 3485 3486 3487
809 400 18 1 3488
810 400 419 3 3489 3490 3491
811 400 255 5 3492 3493 3494 3495 3496
812 400 564 5 3497 3498 3499 3500 3501
813 400 584 7 3502 3503 3504 3505 3506 3507 3508
814 400 226 3 3509 3510 3511
815 400 87 1 3512
816 400 450 3 3513 3514 3515
817 400 297 6 3516 3517 3518 3519 3520 3521
818 631 87 1 3522
819 631 450 3 3523 3524 3525
820 631 539 3 3526 3527 3528
821 631 297 9 3529 3530 3531 3532 3533 3534 3535 3536 3537
822 631 142 3 3538 3539 3540
823 631 275 3 3541 3542 3543
824 196 87 1 3544
825 196 450 3 3545 3546 3547
826 196 297 6 3548 3549 3550 3551 3552 3553
827 872 87 1 3554
828 872 432 3 3555 3556 3557
829 872 539 1 3558
830 872 297 6 3559 3560 3561 3562 3563 3564
831 872 142 10 3565 3566 3567 3568 3569 3570 3571 3572 3573 3574
832 872 485 1 3575
833 872 275 6 3576 3577 3578 3579 3580 3581
834 636 87 1 3582
835 636 297 3 3583 3584 3585
836 632 87 2 3586 3587
837 632 450 3 3588 3589 3590
838 632 297 9 3591 3592 3593 3594 3595 3596 3597 3598 3599
839 580 87 1 3600
840 580 432 1 3601
841 580 297 7 3602 3603 3604 3605 3606 3607 3608
842 580 142 3 3609 3610 3611
843 713 87 3 3612 3613 3614
844 713 905 3 3615 3616 3617
845 713 297 18 3618 3619 3620 3621 3622 3623 3624 3625 3626 3627 3628 3629 3630 3631 3632 3633 3634 3635
846 713 142 5 3636 3637 3638 3639 3640
847 713 744 10 3641 3642 3643 3644 3645 3646 3647 3648 3649 3650
848 713 672 1 3651
849 636 87 3 3652 3653 3654
850 636 905 3 3655 3656 3657
851 636 297 18 3658 3659 3660 3661 3662 3663 3664 3665 3666 3667 3668 3669 3670 3671 3672 3673 3674 3675
852 636 142 1 3676
853 636 744 6 3677 3678 3679 3680 3681 3682
854 654 87 1 3683
855 654 432 1 3684
856 654 297 3 3685 3686 3687
857 654 142 7 3688 3689 3690 3691 3692 3693 3694
858 927 87 1 3695
859 927 905 3 3696 3697 3698
860 927 297 3 3699 3700 3701
861 927 744 5 3702 3703 3704 3705 3706
862 632 87 1 3707
863 632 450 1 3708
864 632 905 1 3709
865 632 297 8 3710 3711 3712 3713 3714 3715 3716 3717
866 632 744 3 3718 3719 3720
867 580 87 1 3721
868 580 432 1 3722
869 580 297 5 3723 3724 3725 3726 3727
870 580 142 6 3728 3729 3730 3731 3732 3733
871 233 506 1 3734
872 354 506 5 3735 3736 3737 3738 3739
873 617 18 2 3740 3741
874 617 506 8 3742 3743 3744 3745 3746 3747 3748 3749
875 617 255 6 3750 3751 3752 3753 3754 3755
876 165 506 3 3756 3757 3758
877 272 506 6 3759 3760 3761 3762 3763 3764
878 272 569 1 3765
879 238 506 7 3766 3767 3768 3769 3770 3771 3772
880 596 506 5 3773 3774 3775 3776 3777
881 596 569 3 3778 3779 3780
882 525 18 1 3781
883 525 506 5 3782 3783 3784 3785 3786
884 525 255 3 3787 3788 3789
885 418 428 6 3790 3791 3792 3793 3794 3795
886 418 506 3 3796 3797 3798
887 418 569 12 3799 3800 3801 3802 3803 3804 3805 3806 3807 3808 3809 3810
888 614 18 1 3811
889 614 506 8 3812 3813 3814 3815 3816 3817 3818 3819
890 614 255 3 3820 3821 3822
891 614 569 1 3823
892 532 506 3 3824 3825 3826
893 532 569 1 3827
894 479 419 1 3828
895 479 506 3 3829 3830 3831
896 479 255 1 3832
897 330 506 1 3833
898 330 569 3 3834 3835 3836
899 497 506 10 3837 3838 3839 3840 3841 3842 3843 3844 3845 3846
900 497 569 1 3847
901 271 506 1 3848
902 271 569 3 3849 3850 3851
903 473 428 7 3852 3853 3854 3855 3856 3857 3858
904 473 506 3 3859 3860 3861
905 473 569 11 3862 3863 3864 3865 3866 3867 3868 3869 3870 3871 3872
906 196 428 1 3873
907 196 506 6 3874 3875 3876 3877 3878 3879
908 196 569 8 3880 3881 3882 3883 3884 3885 3886 3887
909 499 18 2 3888 3889
910 499 419 1 3890
911 499 506 9 3891 3892 3893 3894 3895 3896 3897 3898 3899
912 499 255 14 3900 3901 3902 3903 3904 3905 3906 3907 3908 3909 3910 3911 3912 3913
913 550 18 2 3914 3915
914 550 428 6 3916 3917 3918 3919 3920 3921
915 550 506 7 3922 3923 3924 3925 3926 3927 3928
916 550 255 9 3929 3930 3931 3932 3933 3934 3935 3936 3937
917 550 569 6 3938 3939 3940 3941 3942 3943
918 550 226 3 3944 3945 3946
919 563 419 6 3947 3948 3949 3950 3951 3952
920 563 506 9 3953 3954 3955 3956 3957 3958 3959 3960 3961
921 563 255 5 3962 3963 3964 3965 3966
922 500 506 5 3967 3968 3969 3970 3971
923 500 569 3 3972 3973 3974
924 482 428 3 3975 3976 3977
925 482 506 1 3978
926 482 569 5 3979 3980 3981 3982 3983
927 400 18 1 3984
928 400 428 3 3985 3986 3987
929 400 506 9 3988 3989 3990 3991 3992 3993 3994 3995 3996
930 400 255 5 3997 3998 3999 4000 4001
931 400 569 3 4002 4003 4004
932 400 226 1 4005
933 941 18 1 4006
934 941 85 3 4007 4008 4009
935 941 424 10 4010 4011 4012 4013 4014 4015 4016 4017 4018 4019
936 941 539 1 4020
937 941 128 6 4021 4022 4023 4024 4025 4026
938 941 287 3 4027 4028 4029
939 941 503 6 4030 4031 4032 4033 4034 4035
940 941 564 3 4036 4037 4038
941 941 94 5 4039 4040 4041 4042 4043
942 941 419 3 4044 4045 4046
943 941 200 1 4047
944 650 18 5 4048 4049 4050 4051 4052
945 650 424 9 4053 4054 4055 4056 4057 4058 4059 4060 4061
946 650 539 3 4062 4063 4064
947 650 128 5 4065 4066 4067 4068 4069
948 650 255 1 4070
949 650 503 7 4071 4072 4073 4074 4075 4076 4077
950 650 564 6 4078 4079 4080 4081 4082 4083
951 650 419 9 4084 4085 4086 4087 4088 4089 4090 4091 4092
952 499 18 3 4093 4094 4095
953 499 424 10 4096 4097 4098 4099 4100 4101 4102 4103 4104 4105
954 499 539 3 4106 4107 4108
955 499 255 3 4109 4110 4111
956 499 503 7 4112 4113 4114 4115 4116 4117 4118
957 499 564 5 4119 4120 4121 4122 4123
958 499 419 5 4124 4125 4126 4127 4128
959 563 424 3 4129 4130 4131
960 563 539 1 4132
961 563 503 2 4133 4134
962 563 564 1 4135
963 602 87 1 4136
964 602 28 3 4137 4138 4139
965 602 215 3 4140 4141 4142
966 526 215 1 4143
967 418 87 3 4144 4145 4146
968 418 428 9 4147 4148 4149 4150 4151 4152 4153 4154 4155
969 418 28 13 4156 4157 4158 4159 4160 4161 4162 4163 4164 4165 4166 4167 4168
970 418 226 11 4169 4170 4171 4172 4173 4174 4175 4176 4177 4178 4179
971 418 215 7 4180 4181 4182 4183 4184 4185 4186
972 473 428 6 4187 4188 4189 4190 4191 4192
973 473 215 3 4193 4194 4195
974 196 87 7 4196 4197 4198 4199 4200 4201 4202
975 196 450 1 4203
976 196 297 1 4204
977 196 28 8 4205 4206 4207 4208 4209 4210 4211 4212
978 196 226 11 4213 4214 4215 4216 4217 4218 4219 4220 4221 4222 4223
979 196 584 7 4224 4225 4226 4227 4228 4229 4230
980 550 18 1 4231
981 550 87 1 4232
982 550 428 1 4233
983 550 255 3 4234 4235 4236
984 550 28 3 4237 4238 4239
985 550 226 8 4240 4241 4242 4243 4244 4245 4246 4247
986 632 87 3 4248 4249 4250
987 632 450 5 4251 4252 4253 4254 4255
988 632 297 3 4256 4257 4258
989 632 28 1 4259
990 632 226 1 4260
991 632 584 7 4261 4262 4263 4264 4265 4266 4267
992 482 428 1 4268
993 400 18 1 4269
994 400 87 1 4270
995 400 255 3 4271 4272 4273
996 400 28 3 4274 4275 4276
997 400 226 6 4277 4278 4279 4280 4281 4282
998 418 428 13 4283 4284 4285 4286 4287 4288 4289 4290 4291 4292 4293 4294 4295
999 418 569 3 4296 4297 4298
1000 418 226 3 4299 4300 4301
1001 532 419 3 4302 4303 4304
1002 532 428 1 4305
1003 532 255 3 4306 4307 4308
1004 532 564 7 4309 4310 4311 4312 4313 4314 4315
1005 532 569 3 4316 4317 4318
1006 532 226 1 4319
1007 532 584 3 4320 4321 4322
1008 532 506 6 4323 4324 4325 4326 4327 4328
1009 473 428 6 4329 4330 4331 4332 4333 4334
1010 473 569 1 4335
1011 196 419 1 4336
1012 196 428 8 4337 4338 4339 4340 4341 4342 4343 4344
1013 196 255 3 4345 4346 4347
1014 196 564 3 4348 4349 4350
1015 196 569 8 4351 4352 4353 4354 4355 4356 4357 4358
1016 196 226 10 4359 4360 4361 4362 4363 4364 4365 4366 4367 4368
1017 196 584 14 4369 4370 4371 4372 4373 4374 4375 4376 4377 4378 4379 4380 4381 4382
1018 196 506 3 4383 4384 4385
1019 499 18 1 4386
1020 499 419 6 4387 4388 4389 4390 4391 4392
1021 499 255 7 4393 4394 4395 4396 4397 4398 4399
1022 499 564 1 4400
1023 499 506 1 4401
1024 550 18 1 4402
1025 550 428 3 4403 4404 4405
1026 550 255 3 4406 4407 4408
1027 550 226 6 4409 4410 4411 4412 4413 4414
1028 632 450 1 4415
1029 632 584 3 4416 4417 4418
1030 563 419 9 4419 4420 4421 4422 4423 4424 4425 4426 4427
1031 563 255 3 4428 4429 4430
1032 563 564 3 4431 4432 4433
1033 563 506 3 4434 4435 4436
1034 482 428 1 4437
1035 400 18 3 4438 4439 4440
1036 400 419 3 4441 4442 4443
1037 400 428 3 4444 4445 4446
1038 400 255 20 4447 4448 4449 4450 4451 4452 4453 4454 4455 4456 4457 4458 4459 4460 4461 4462 4463 4464 4465 4466
1039 400 564 3 4467 4468 4469
1040 400 569 1 4470
1041 400 226 12 4471 4472 4473 4474 4475 4476 4477 4478 4479 4480 4481 4482
1042 400 584 1 4483
1043 400 506 3 4484 4485 4486
1044 941 85 3 4487 4488 4489
1045 941 419 3 4490 4491 4492
1046 941 424 6 4493 4494 4495 4496 4497 4498
1047 941 287 3 4499 4500 4501
1048 941 128 3 4502 4503 4504
1049 941 564 3 4505 4506 4507
1050 941 94 3 4508 4509 4510
1051 660 85 6 4511 4512 4513 4514 4515 4516
1052 660 419 3 4517 4518 4519
1053 660 424 6 4520 4521 4522 4523 4524 4525
1054 660 287 3 4526 4527 4528
1055 660 128 9 4529 4530 4531 4532 4533 4534 4535 4536 4537
1056 660 564 3 4538 4539 4540
1057 660 94 3 4541 4542 4543
1058 511 85 5 4544 4545 4546 4547 4548
1059 511 419 3 4549 4550 4551
1060 511 424 6 4552 4553 4554 4555 4556 4557
1061 511 287 3 4558 4559 4560
1062 511 128 7 4561 4562 4563 4564 4565 4566 4567
1063 511 564 3 4568 4569 4570
1064 511 94 3 4571 4572 4573
1065 650 419 3 4574 4575 4576
1066 650 424 3 4577 4578 4579
1067 650 564 3 4580 4581 4582
1068 525 419 9 4583 4584 4585 4586 4587 4588 4589 4590 4591
1069 525 424 3 4592 4593 4594
1070 525 128 5 4595 4596 4597 4598 4599
1071 525 564 6 4600 4601 4602 4603 4604 4605
1072 257 419 1 4606
1073 257 564 3 4607 4608 4609
1074 389 85 1 4610
1075 389 419 3 4611 4612 4613
1076 389 424 3 4614 4615 4616
1077 389 128 6 4617 4618 4619 4620 4621 4622
1078 389 564 6 4623 4624 4625 4626 4627 4628
1079 165 419 8 4629 4630 4631 4632 4633 4634 4635 4636
1080 165 128 1 4637
1081 165 564 5 4638 4639 4640 4641 4642
1082 129 419 1 4643
1083 129 564 3 4644 4645 4646
1084 514 85 9 4647 4648 4649 4650 4651 4652 4653 4654 4655
1085 514 419 6 4656 4657 4658 4659 4660 4661
1086 514 424 3 4662 4663 4664
1087 514 287 1 4665
1088 514 128 10 4666 4667 4668 4669 4670 4671 4672 4673 4674 4675
1089 514 564 5 4676 4677 4678 4679 4680
1090 514 94 1 4681
1091 499 419 7 4682 4683 4684 4685 4686 4687 4688
1092 499 424 5 4689 4690 4691 4692 4693
1093 499 564 9 4694 4695 4696 4697 4698 4699 4700 4701 4702
1094 479 419 5 4703 4704 4705 4706 4707
1095 479 564 6 4708 4709 4710 4711 4712 4713
1096 293 85 1 4714
1097 293 419 8 4715 4716 4717 4718 4719 4720 4721 4722
1098 293 128 6 4723 4724 4725 4726 4727 4728
1099 293 564 5 4729 4730 4731 4732 4733
1100 461 419 6 4734 4735 4736 4737 4738 4739
1101 461 128 1 4740
1102 461 433 1 4741
1103 461 564 3 4742 4743 4744
1104 573 85 6 4745 4746 4747 4748 4749 4750
1105 573 419 3 4751 4752 4753
1106 573 128 3 4754 4755 4756
1107 573 191 1 4757
1108 563 419 6 4758 4759 4760 4761 4762 4763
1109 563 424 1 4764
1110 563 564 8 4765 4766 4767 4768 4769 4770 4771 4772
1111 513 85 5 4773 4774 4775 4776 4777
1112 513 260 3 4778 4779 4780
1113 513 419 11 4781 4782 4783 4784 4785 4786 4787 4788 4789 4790 4791
1114 513 128 11 4792 4793 4794 4795 4796 4797 4798 4799 4800 4801 4802
1115 513 191 3 4803 4804 4805
1116 513 433 5 4806 4807 4808 4809 4810
1117 513 564 3 4811 4812 4813
1118 546 431 1 4814
1119 546 539 3 4815 4816 4817
1120 546 484 3 4818 4819 4820
1121 546 503 8 4821 4822 4823 4824 4825 4826 4827 4828
1122 546 980 3 4829 4830 4831
1123 546 200 3 4832 4833 4834
1124 546 967 3 4835 4836 4837
1125 283 503 1 4838
1126 283 980 3 4839 4840 4841
1127 283 879 9 4842 4843 4844 4845 4846 4847 4848 4849 4850
1128 283 200 3 4851 4852 4853
1129 283 967 12 4854 4855 4856 4857 4858 4859 4860 4861 4862 4863 4864 4865
1130 772 431 1 4866
1131 772 539 3 4867 4868 4869
1132 772 484 3 4870 4871 4872
1133 772 503 6 4873 4874 4875 4876 4877 4878
1134 772 200 3 4879 4880 4881
1135 316 841 2 4882 4883
1136 316 980 3 4884 4885 4886
1137 316 879 14 4887 4888 4889 4890 4891 4892 4893 4894 4895 4896 4897 4898 4899 4900
1138 316 967 8 4901 4902 4903 4904 4905 4906 4907 4908
1139 430 431 2 4909 4910
1140 430 484 6 4911 4912 4913 4914 4915 4916
1141 430 503 9 4917 4918 4919 4920 4921 4922 4923 4924 4925
1142 430 980 3 4926 4927 4928
1143 430 879 3 4929 4930 4931
1144 430 200 13 4932 4933 4934 4935 4936 4937 4938 4939 4940 4941 4942 4943 4944
1145 430 967 12 4945 4946 4947 4948 4949 4950 4951 4952 4953 4954 4955 4956
1146 216 841 3 4957 4958 4959
1147 216 879 6 4960 4961 4962 4963 4964 4965
1148 216 967 1 4966
1149 228 503 8 4967 4968 4969 4970 4971 4972 4973 4974
1150 228 94 3 4975 4976 4977
1151 228 879 3 4978 4979 4980
1152 228 200 17 4981 4982 4983 4984 4985 4986 4987 4988 4989 4990 4991 4992 4993 4994 4995 4996 4997
1153 228 967 5 4998 4999 5000 5001 5002
1154 623 431 1 5003
1155 623 539 1 5004
1156 623 484 3 5005 5006 5007
1157 623 503 6 5008 5009 5010 5011 5012 5013
1158 623 200 3 5014 5015 5016
1159 485 980 1 5017
1160 485 879 2 5018 5019
1161 485 967 2 5020 5021
1162 331 431 2 5022 5023
1163 331 484 7 5024 5025 5026 5027 5028 5029 5030
1164 331 503 11 5031 5032 5033 5034 5035 5036 5037 5038 5039 5040 5041
1165 331 200 9 5042 5043 5044 5045 5046 5047 5048 5049 5050
1166 331 967 1 5051
1167 303 659 1 5052
1168 303 841 3 5053 5054 5055
1169 303 503 1 5056
1170 303 94 6 5057 5058 5059 5060 5061 5062
1171 303 879 10 5063 5064 5065 5066 5067 5068 5069 5070 5071 5072
1172 303 200 6 5073 5074 5075 5076 5077 5078
1173 303 967 3 5079 5080 5081
1174 941 18 1 5082
1175 941 85 3 5083 5084 5085
1176 941 419 3 5086 5087 5088
1177 941 424 3 5089 5090 5091
1178 941 128 8 5092 5093 5094 5095 5096 5097 5098 5099
1179 941 287 1 5100
1180 941 564 3 5101 5102 5103
1181 941 94 1 5104
1182 660 18 1 5105
1183 660 85 1 5106
1184 660 128 6 5107 5108 5109 5110 5111 5112
1185 650 18 1 5113
1186 650 419 6 5114 5115 5116 5117 5118 5119
1187 650 424 3 5120 5121 5122
1188 650 128 5 5123 5124 5125 5126 5127
1189 650 564 6 5128 5129 5130 5131 5132 5133
1190 525 18 3 5134 5135 5136
1191 525 419 3 5137 5138 5139
1192 525 128 7 5140 5141 5142 5143 5144 5145 5146
1193 525 255 1 5147
1194 499 18 9 5148 5149 5150 5151 5152 5153 5154 5155 5156
1195 499 419 24 5157 5158 5159 5160 5161 5162 5163 5164 5165 5166 5167 5168 5169 5170 5171 5172 5173 5174 5175 5176 5177 5178 5179 5180
1196 499 424 3 5181 5182 5183
1197 499 128 5 5184 5185 5186 5187 5188
1198 499 255 6 5189 5190 5191 5192 5193 5194
1199 499 564 10 5195 5196 5197 5198 5199 5200 5201 5202 5203 5204
1200 563 419 3 5205 5206 5207
1201 563 424 1 5208
1202 563 564 4 5209 5210 5211 5212
1203 754 539 3 5213 5214 5215
1204 754 275 3 5216 5217 5218
1205 963 120 1 5219
1206 963 539 3 5220 5221 5222
1207 963 485 3 5223 5224 5225
1208 963 275 3 5226 5227 5228
1209 803 120 2 5229 5230
1210 803 539 6 5231 5232 5233 5234 5235 5236
1211 803 485 6 5237 5238 5239 5240 5241 5242
1212 803 275 9 5243 5244 5245 5246 5247 5248 5249 5250 5251
1213 885 539 3 5252 5253 5254
1214 885 275 3 5255 5256 5257
1215 283 980 1 5258
1216 772 120 1 5259
1217 772 539 3 5260 5261 5262
1218 772 485 3 5263 5264 5265
1219 772 275 3 5266 5267 5268
1220 430 980 1 5269
1221 707 120 5 5270 5271 5272 5273 5274
1222 707 539 8 5275 5276 5277 5278 5279 5280 5281 5282
1223 707 980 6 5283 5284 5285 5286 5287 5288
1224 707 485 9 5289 5290 5291 5292 5293 5294 5295 5296 5297
1225 707 630 1 5298
1226 707 275 14 5299 5300 5301 5302 5303 5304 5305 5306 5307 5308 5309 5310 5311 5312
1227 707 936 6 5313 5314 5315 5316 5317 5318
1228 707 998 3 5319 5320 5321
1229 707 985 1 5322
1230 707 957 3 5323 5324 5325
1231 664 539 12 5326 5327 5328 5329 5330 5331 5332 5333 5334 5335 5336 5337
1232 664 980 6 5338 5339 5340 5341 5342 5343
1233 664 275 8 5344 5345 5346 5347 5348 5349 5350 5351
1234 664 936 1 5352
1235 431 539 3 5353 5354 5355
1236 431 980 11 5356 5357 5358 5359 5360 5361 5362 5363 5364 5365 5366
1237 431 275 3 5367 5368 5369
1238 431 936 10 5370 5371 5372 5373 5374 5375 5376 5377 5378 5379
1239 431 957 3 5380 5381 5382
1240 316 980 1 5383
1241 546 120 1 5384
1242 546 539 6 5385 5386 5387 5388 5389 5390
1243 546 980 3 5391 5392 5393
1244 546 485 3 5394 5395 5396
1245 546 275 3 5397 5398 5399
1246 530 539 6 5400 5401 5402 5403 5404 5405
1247 530 980 3 5406 5407 5408
1248 530 275 1 5409
1249 485 980 5 5410 5411 5412 5413 5414
1250 485 936 2 5415 5416
1251 485 957 1 5417
1252 636 672 5 5418 5419 5420 5421 5422
1253 636 905 1 5423
1254 636 744 5 5424 5425 5426 5427 5428
1255 636 1009 1 5429
1256 580 672 3 5430 5431 5432
1257 580 1009 1 5433
1258 654 672 3 5434 5435 5436
1259 654 1009 1 5437
1260 755 672 9 5438 5439 5440 5441 5442 5443 5444 5445 5446
1261 755 905 3 5447 5448 5449
1262 755 744 6 5450 5451 5452 5453 5454 5455
1263 755 1009 5 5456 5457 5458 5459 5460
1264 885 672 3 5461 5462 5463
1265 885 1009 14 5464 5465 5466 5467 5468 5469 5470 5471 5472 5473 5474 5475 5476 5477
1266 885 868 3 5478 5479 5480
1267 713 672 5 5481 5482 5483 5484 5485
1268 713 905 5 5486 5487 5488 5489 5490
1269 713 744 3 5491 5492 5493
1270 713 1009 1 5494
1271 754 672 3 5495 5496 5497
1272 754 1009 8 5498 5499 5500 5501 5502 5503 5504 5505
1273 754 868 4 5506 5507 5508 5509
1274 1002 672 3 5510 5511 5512
1275 1002 1009 3 5513 5514 5515
1276 685 672 9 5516 5517 5518 5519 5520 5521 5522 5523 5524
1277 685 905 1 5525
1278 685 744 6 5526 5527 5528 5529 5530 5531
1279 685 1009 6 5532 5533 5534 5535 5536 5537
1280 664 672 3 5538 5539 5540
1281 664 1009 6 5541 5542 5543 5544 5545 5546
1282 664 868 5 5547 5548 5549 5550 5551
1283 664 936 1 5552
1284 446 672 6 5553 5554 5555 5556 5557 5558
1285 446 744 3 5559 5560 5561
1286 446 1009 3 5562 5563 5564
1287 927 905 1 5565
1288 839 672 1 5566
1289 839 934 2 5567 5568
1290 839 1009 8 5569 5570 5571 5572 5573 5574 5575 5576
1291 839 868 3 5577 5578 5579
1292 719 672 1 5580
1293 719 905 1 5581
1294 719 744 1 5582
1295 719 1009 1 5583
1296 530 672 11 5584 5585 5586 5587 5588 5589 5590 5591 5592 5593 5594
1297 530 142 6 5595 5596 5597 5598 5599 5600
1298 530 744 3 5601 5602 5603
1299 530 1009 6 5604 5605 5606 5607 5608 5609
1300 530 868 5 5610 5611 5612 5613 5614
1301 530 936 5 5615 5616 5617 5618 5619
1302 530 275 2 5620 5621
1303 1002 432 12 5622 5623 5624 5625 5626 5627 5628 5629 5630 5631 5632 5633
1304 1002 480 1 5634
1305 1002 934 3 5635 5636 5637
1306 1002 142 3 5638 5639 5640
1307 1002 485 7 5641 5642 5643 5644 5645 5646 5647
1308 1002 868 3 5648 5649 5650
1309 1002 957 3 5651 5652 5653
1310 1002 672 3 5654 5655 5656
1311 1002 275 3 5657 5658 5659
1312 1002 998 3 5660 5661 5662
1313 1002 936 3 5663 5664 5665
1314 1002 1009 3 5666 5667 5668
1315 713 432 7 5669 5670 5671 5672 5673 5674 5675
1316 713 480 2 5676 5677
1317 713 905 1 5678
1318 713 142 5 5679 5680 5681 5682 5683
1319 713 744 3 5684 5685 5686
1320 713 672 8 5687 5688 5689 5690 5691 5692 5693 5694
1321 927 432 3 5695 5696 5697
1322 927 480 1 5698
1323 927 905 3 5699 5700 5701
1324 927 142 1 5702
1325 927 744 3 5703 5704 5705
1326 927 672 3 5706 5707 5708
1327 839 432 1 5709
1328 839 934 6 5710 5711 5712 5713 5714 5715
1329 839 485 5 5716 5717 5718 5719 5720
1330 839 868 3 5721 5722 5723
1331 839 957 7 5724 5725 5726 5727 5728 5729 5730
1332 839 275 1 5731
1333 839 998 3 5732 5733 5734
1334 839 936 3 5735 5736 5737
1335 839 1009 1 5738
1336 654 432 5 5739 5740 5741 5742 5743
1337 654 480 1 5744
1338 654 142 4 5745 5746 5747 5748
1339 654 672 1 5749
1340 754 539 1 5750
1341 803 539 3 5751 5752 5753
1342 963 539 1 5754
1343 546 539 9 5755 5756 5757 5758 5759 5760 5761 5762 5763
1344 546 980 3 5764 5765 5766
1345 430 539 5 5767 5768 5769 5770 5771
1346 430 980 6 5772 5773 5774 5775 5776 5777
1347 228 539 5 5778 5779 5780 5781 5782
1348 228 980 3 5783 5784 5785
1349 885 539 1 5786
1350 707 539 6 5787 5788 5789 5790 5791 5792
1351 707 980 1 5793
1352 283 539 3 5794 5795 5796
1353 283 980 5 5797 5798 5799 5800 5801
1354 216 539 3 5802 5803 5804
1355 216 980 8 5805 5806 5807 5808 5809 5810 5811 5812
1356 772 539 3 5813 5814 5815
1357 650 539 1 5816
1358 331 539 6 5817 5818 5819 5820 5821 5822
1359 331 980 1 5823
1360 303 539 5 5824 5825 5826 5827 5828
1361 303 980 8 5829 5830 5831 5832 5833 5834 5835 5836
1362 499 539 1 5837
1363 664 539 6 5838 5839 5840 5841 5842 5843
1364 664 980 3 5844 5845 5846
1365 431 539 6 5847 5848 5849 5850 5851 5852
1366 431 980 5 5853 5854 5855 5856 5857
1367 316 539 3 5858 5859 5860
1368 316 980 8 5861 5862 5863 5864 5865 5866 5867 5868
1369 436 539 3 5869 5870 5871
1370 436 980 7 5872 5873 5874 5875 5876 5877 5878
1371 623 539 2 5879 5880
1372 563 539 3 5881 5882 5883
1373 563 980 2 5884 5885
1374 530 539 3 5886 5887 5888
1375 530 980 6 5889 5890 5891 5892 5893 5894
1376 485 539 3 5895 5896 5897
1377 485 980 8 5898 5899 5900 5901 5902 5903 5904 5905
1378 283 935 6 5906 5907 5908 5909 5910 5911
1379 283 841 10 5912 5913 5914 5915 5916 5917 5918 5919 5920 5921
1380 283 956 3 5922 5923 5924
1381 283 200 3 5925 5926 5927
1382 283 879 21 5928 5929 5930 5931 5932 5933 5934 5935 5936 5937 5938 5939 5940 5941 5942 5943 5944 5945 5946 5947 5948
1383 316 935 6 5949 5950 5951 5952 5953 5954
1384 316 841 10 5955 5956 5957 5958 5959 5960 5961 5962 5963 5964
1385 316 956 3 5965 5966 5967
1386 316 879 9 5968 5969 5970 5971 5972 5973 5974 5975 5976
1387 430 431 3 5977 5978 5979
1388 430 935 9 5980 5981 5982 5983 5984 5985 5986 5987 5988
1389 430 484 11 5989 5990 5991 5992 5993 5994 5995 5996 5997 5998 5999
1390 430 841 4 6000 6001 6002 6003
1391 430 956 5 6004 6005 6006 6007 6008
1392 430 200 13 6009 6010 6011 6012 6013 6014 6015 6016 6017 6018 6019 6020 6021
1393 430 879 12 6022 6023 6024 6025 6026 6027 6028 6029 6030 6031 6032 6033
1394 216 841 3 6034 6035 6036
1395 216 879 1 6037
1396 228 659 3 6038 6039 6040
1397 228 94 3 6041 6042 6043
1398 228 999 3 6044 6045 6046
1399 228 841 7 6047 6048 6049 6050 6051 6052 6053
1400 228 200 7 6054 6055 6056 6057 6058 6059 6060
1401 228 879 6 6061 6062 6063 6064 6065 6066
1402 864 431 1 6067
1403 864 935 4 6068 6069 6070 6071
1404 864 484 5 6072 6073 6074 6075 6076
1405 864 956 5 6077 6078 6079 6080 6081
1406 864 200 3 6082 6083 6084
1407 864 997 1 6085
1408 864 879 3 6086 6087 6088
1409 485 935 2 6089 6090
1410 485 841 2 6091 6092
1411 485 956 1 6093
1412 485 879 2 6094 6095
1413 331 431 1 6096
1414 331 484 3 6097 6098 6099
1415 331 200 3 6100 6101 6102
1416 303 659 5 6103 6104 6105 6106 6107
1417 303 94 3 6108 6109 6110
1418 303 999 3 6111 6112 6113
1419 303 841 7 6114 6115 6116 6117 6118 6119 6120
1420 303 200 1 6121
1421 303 879 3 6122 6123 6124
1422 803 120 7 6125 6126 6127 6128 6129 6130 6131
1423 803 485 12 6132 6133 6134 6135 6136 6137 6138 6139 6140 6141 6142 6143
1424 803 630 3 6144 6145 6146
1425 803 957 3 6147 6148 6149
1426 803 936 1 6150
1427 803 275 6 6151 6152 6153 6154 6155 6156
1428 803 998 12 6157 6158 6159 6160 6161 6162 6163 6164 6165 6166 6167 6168
1429 803 985 3 6169 6170 6171
1430 885 934 6 6172 6173 6174 6175 6176 6177
1431 885 868 7 6178 6179 6180 6181 6182 6183 6184
1432 885 957 3 6185 6186 6187
1433 885 936 6 6188 6189 6190 6191 6192 6193
1434 885 275 3 6194 6195 6196
1435 897 120 3 6197 6198 6199
1436 897 485 1 6200
1437 897 998 5 6201 6202 6203 6204 6205
1438 897 985 1 6206
1439 754 934 9 6207 6208 6209 6210 6211 6212 6213 6214 6215
1440 754 485 1 6216
1441 754 868 3 6217 6218 6219
1442 754 957 13 6220 6221 6222 6223 6224 6225 6226 6227 6228 6229 6230 6231 6232
1443 754 936 5 6233 6234 6235 6236 6237
1444 754 275 5 6238 6239 6240 6241 6242
1445 754 998 6 6243 6244 6245 6246 6247 6248
1446 707 120 3 6249 6250 6251
1447 707 485 3 6252 6253 6254
1448 707 630 3 6255 6256 6257
1449 707 957 7 6258 6259 6260 6261 6262 6263 6264
1450 707 936 3 6265 6266 6267
1451 707 275 3 6268 6269 6270
1452 707 998 6 6271 6272 6273 6274 6275 6276
1453 707 985 3 6277 6278 6279
1454 664 934 6 6280 6281 6282 6283 6284 6285
1455 664 980 5 6286 6287 6288 6289 6290
1456 664 868 8 6291 6292 6293 6294 6295 6296 6297 6298
1457 664 957 3 6299 6300 6301
1458 664 936 19 6302 6303 6304 6305 6306 6307 6308 6309 6310 6311 6312 6313 6314 6315 6316 6317 6318 6319 6320
1459 664 275 7 6321 6322 6323 6324 6325 6326 6327
1460 431 934 6 6328 6329 6330 6331 6332 6333
1461 431 980 3 6334 6335 6336
1462 431 868 3 6337 6338 6339
1463 431 957 9 6340 6341 6342 6343 6344 6345 6346 6347 6348
1464 431 936 15 6349 6350 6351 6352 6353 6354 6355 6356 6357 6358 6359 6360 6361 6362 6363
1465 431 275 1 6364
1466 839 934 3 6365 6366 6367
1467 839 957 3 6368 6369 6370
1468 839 998 3 6371 6372 6373
1469 530 980 6 6374 6375 6376 6377 6378 6379
1470 530 868 1 6380
1471 530 936 6 6381 6382 6383 6384 6385 6386
1472 530 539 2 6387 6388
1473 530 275 3 6389 6390 6391
1474 485 934 2 6392 6393
1475 485 980 1 6394
1476 485 868 1 6395
1477 485 957 2 6396 6397
1478 485 936 3 6398 6399 6400
1479 283 980 3 6401 6402 6403
1480 283 879 3 6404 6405 6406
1481 283 967 3 6407 6408 6409
1482 772 120 3 6410 6411 6412
1483 772 431 1 6413
1484 772 539 7 6414 6415 6416 6417 6418 6419 6420
1485 772 232 3 6421 6422 6423
1486 772 485 3 6424 6425 6426
1487 772 484 5 6427 6428 6429 6430 6431
1488 772 275 3 6432 6433 6434
1489 772 503 3 6435 6436 6437
1490 772 767 3 6438 6439 6440
1491 772 651 1 6441
1492 772 200 3 6442 6443 6444
1493 430 431 1 6445
1494 430 484 3 6446 6447 6448
1495 430 503 1 6449
1496 430 980 3 6450 6451 6452
1497 430 879 6 6453 6454 6455 6456 6457 6458
1498 430 200 5 6459 6460 6461 6462 6463
1499 430 967 5 6464 6465 6466 6467 6468
1500 707 120 3 6469 6470 6471
1501 707 539 1 6472
1502 707 485 3 6473 6474 6475
1503 707 630 3 6476 6477 6478
1504 707 275 3 6479 6480 6481
1505 707 980 5 6482 6483 6484 6485 6486
1506 707 879 3 6487 6488 6489
1507 707 998 6 6490 6491 6492 6493 6494 6495
1508 707 985 3 6496 6497 6498
1509 707 936 5 6499 6500 6501 6502 6503
1510 707 967 1 6504
1511 707 956 3 6505 6506 6507
1512 707 957 10 6508 6509 6510 6511 6512 6513 6514 6515 6516 6517
1513 707 958 3 6518 6519 6520
1514 431 980 3 6521 6522 6523
1515 431 879 3 6524 6525 6526
1516 431 936 3 6527 6528 6529
1517 431 967 1 6530
1518 431 956 1 6531
1519 431 957 6 6532 6533 6534 6535 6536 6537
1520 431 958 3 6538 6539 6540
1521 316 980 3 6541 6542 6543
1522 316 879 3 6544 6545 6546
1523 316 967 3 6547 6548 6549
1524 546 120 11 6550 6551 6552 6553 6554 6555 6556 6557 6558 6559 6560
1525 546 431 2 6561 6562
1526 546 539 9 6563 6564 6565 6566 6567 6568 6569 6570 6571
1527 546 232 3 6572 6573 6574
1528 546 485 5 6575 6576 6577 6578 6579
1529 546 630 3 6580 6581 6582
1530 546 484 11 6583 6584 6585 6586 6587 6588 6589 6590 6591 6592 6593
1531 546 275 5 6594 6595 6596 6597 6598
1532 546 503 6 6599 6600 6601 6602 6603 6604
1533 546 980 9 6605 6606 6607 6608 6609 6610 6611 6612 6613
1534 546 879 7 6614 6615 6616 6617 6618 6619 6620
1535 546 767 3 6621 6622 6623
1536 546 651 3 6624 6625 6626
1537 546 998 2 6627 6628
1538 546 985 3 6629 6630 6631
1539 546 200 9 6632 6633 6634 6635 6636 6637 6638 6639 6640
1540 546 936 1 6641
1541 546 967 6 6642 6643 6644 6645 6646 6647
1542 546 956 3 6648 6649 6650
1543 546 957 3 6651 6652 6653
1544 546 898 1 6654
1545 546 958 3 6655 6656 6657
1546 485 980 5 6658 6659 6660 6661 6662
1547 485 879 6 6663 6664 6665 6666 6667 6668
1548 485 936 1 6669
1549 485 967 3 6670 6671 6672
1550 485 957 2 6673 6674
1551 485 958 1 6675
1552 546 539 6 6676 6677 6678 6679 6680 6681
1553 546 503 3 6682 6683 6684
1554 546 980 3 6685 6686 6687
1555 546 967 1 6688
1556 430 539 3 6689 6690 6691
1557 430 503 3 6692 6693 6694
1558 430 980 10 6695 6696 6697 6698 6699 6700 6701 6702 6703 6704
1559 430 967 5 6705 6706 6707 6708 6709
1560 283 980 6 6710 6711 6712 6713 6714 6715
1561 283 967 3 6716 6717 6718
1562 772 539 3 6719 6720 6721
1563 772 503 1 6722
1564 650 539 3 6723 6724 6725
1565 650 503 1 6726
1566 331 539 6 6727 6728 6729 6730 6731 6732
1567 331 503 9 6733 6734 6735 6736 6737 6738 6739 6740 6741
1568 331 980 3 6742 6743 6744
1569 331 967 3 6745 6746 6747
1570 499 539 3 6748 6749 6750
1571 499 503 1 6751
1572 316 841 3 6752 6753 6754
1573 316 980 5 6755 6756 6757 6758 6759
1574 316 879 3 6760 6761 6762
1575 316 967 10 6763 6764 6765 6766 6767 6768 6769 6770 6771 6772
1576 216 841 3 6773 6774 6775
1577 216 980 1 6776
1578 216 879 3 6777 6778 6779
1579 216 967 5 6780 6781 6782 6783 6784
1580 228 424 1 6785
1581 228 539 3 6786 6787 6788
1582 228 503 13 6789 6790 6791 6792 6793 6794 6795 6796 6797 6798 6799 6800 6801
1583 228 94 3 6802 6803 6804
1584 228 980 7 6805 6806 6807 6808 6809 6810 6811
1585 228 967 6 6812 6813 6814 6815 6816 6817
1586 228 200 3 6818 6819 6820
1587 623 539 6 6821 6822 6823 6824 6825 6826
1588 623 503 6 6827 6828 6829 6830 6831 6832
1589 563 539 5 6833 6834 6835 6836 6837
1590 563 503 4 6838 6839 6840 6841
1591 563 980 1 6842
1592 563 967 1 6843
1593 485 980 1 6844
1594 485 967 2 6845 6846
1595 303 424 5 6847 6848 6849 6850 6851
1596 303 539 3 6852 6853 6854
1597 303 659 3 6855 6856 6857
1598 303 841 3 6858 6859 6860
1599 303 503 10 6861 6862 6863 6864 6865 6866 6867 6868 6869 6870
1600 303 94 6 6871 6872 6873 6874 6875 6876
1601 303 980 5 6877 6878 6879 6880 6881
1602 303 879 3 6882 6883 6884
1603 303 967 11 6885 6886 6887 6888 6889 6890 6891 6892 6893 6894 6895
1604 303 200 3 6896 6897 6898
1605 885 934 3 6899 6900 6901
1606 885 957 1 6902
1607 803 120 1 6903
1608 803 914 1 6904
1609 803 934 6 6905 6906 6907 6908 6909 6910
1610 803 630 3 6911 6912 6913
1611 803 957 6 6914 6915 6916 6917 6918 6919
1612 803 985 3 6920 6921 6922
1613 803 998 5 6923 6924 6925 6926 6927
1614 664 934 3 6928 6929 6930
1615 664 957 1 6931
1616 895 120 1 6932
1617 895 914 5 6933 6934 6935 6936 6937
1618 895 934 1 6938
1619 895 630 5 6939 6940 6941 6942 6943
1620 895 877 3 6944 6945 6946
1621 895 957 3 6947 6948 6949
1622 895 1010 3 6950 6951 6952
1623 895 985 3 6953 6954 6955
1624 895 958 7 6956 6957 6958 6959 6960 6961 6962
1625 895 998 1 6963
1626 895 913 3 6964 6965 6966
1627 895 898 7 6967 6968 6969 6970 6971 6972 6973
1628 895 995 3 6974 6975 6976
1629 897 120 2 6977 6978
1630 897 914 1 6979
1631 897 934 8 6980 6981 6982 6983 6984 6985 6986 6987
1632 897 630 6 6988 6989 6990 6991 6992 6993
1633 897 957 6 6994 6995 6996 6997 6998 6999
1634 897 985 6 7000 7001 7002 7003 7004 7005
1635 897 998 11 7006 7007 7008 7009 7010 7011 7012 7013 7014 7015 7016
1636 754 934 6 7017 7018 7019 7020 7021 7022
1637 754 957 6 7023 7024 7025 7026 7027 7028
1638 754 998 1 7029
1639 707 120 2 7030 7031
1640 707 914 10 7032 7033 7034 7035 7036 7037 7038 7039 7040 7041
1641 707 934 6 7042 7043 7044 7045 7046 7047
1642 707 630 10 7048 7049 7050 7051 7052 7053 7054 7055 7056 7057
1643 707 877 3 7058 7059 7060
1644 707 957 13 7061 7062 7063 7064 7065 7066 7067 7068 7069 7070 7071 7072 7073
1645 707 1010 1 7074
1646 707 985 11 7075 7076 7077 7078 7079 7080 7081 7082 7083 7084 7085
1647 707 958 6 7086 7087 7088 7089 7090 7091
1648 707 998 5 7092 7093 7094 7095 7096
1649 707 913 1 7097
1650 707 898 3 7098 7099 7100
1651 707 995 1 7101
1652 431 914 6 7102 7103 7104 7105 7106 7107
1653 431 934 9 7108 7109 7110 7111 7112 7113 7114 7115 7116
1654 431 877 3 7117 7118 7119
1655 431 957 9 7120 7121 7122 7123 7124 7125 7126 7127 7128
1656 431 958 3 7129 7130 7131
1657 912 120 2 7132 7133
1658 912 914 9 7134 7135 7136 7137 7138 7139 7140 7141 7142
1659 912 934 5 7143 7144 7145 7146 7147
1660 912 630 9 7148 7149 7150 7151 7152 7153 7154 7155 7156
1661 912 877 3 7157 7158 7159
1662 912 957 7 7160 7161 7162 7163 7164 7165 7166
1663 912 1010 3 7167 7168 7169
1664 912 985 6 7170 7171 7172 7173 7174 7175
1665 912 958 6 7176 7177 7178 7179 7180 7181
1666 912 998 3 7182 7183 7184
1667 912 913 3 7185 7186 7187
1668 912 898 6 7188 7189 7190 7191 7192 7193
1669 912 995 3 7194 7195 7196
1670 839 934 7 7197 7198 7199 7200 7201 7202 7203
1671 839 957 6 7204 7205 7206 7207 7208 7209
1672 839 998 3 7210 7211 7212
1673 485 914 2 7213 7214
1674 485 934 2 7215 7216
1675 485 877 1 7217
1676 485 957 2 7218 7219
1677 485 958 1 7220
1678 546 120 3 7221 7222 7223
1679 546 917 1 7224
1680 546 935 6 7225 7226 7227 7228 7229 7230
1681 546 232 1 7231
1682 546 630 2 7232 7233
1683 546 956 8 7234 7235 7236 7237 7238 7239 7240 7241
1684 546 651 1 7242
1685 546 1010 6 7243 7244 7245 7246 7247 7248
1686 546 958 3 7249 7250 7251
1687 546 997 3 7252 7253 7254
1688 546 616 3 7255 7256 7257
1689 546 913 3 7258 7259 7260
1690 546 995 3 7261 7262 7263
1691 546 986 3 7264 7265 7266
1692 546 899 6 7267 7268 7269 7270 7271 7272
1693 707 120 2 7273 7274
1694 707 917 9 7275 7276 7277 7278 7279 7280 7281 7282 7283
1695 707 935 6 7284 7285 7286 7287 7288 7289
1696 707 630 9 7290 7291 7292 7293 7294 7295 7296 7297 7298
1697 707 877 3 7299 7300 7301
1698 707 956 5 7302 7303 7304 7305 7306
1699 707 1010 6 7307 7308 7309 7310 7311 7312
1700 707 985 3 7313 7314 7315
1701 707 958 16 7316 7317 7318 7319 7320 7321 7322 7323 7324 7325 7326 7327 7328 7329 7330 7331
1702 707 913 9 7332 7333 7334 7335 7336 7337 7338 7339 7340
1703 707 998 1 7341
1704 707 898 3 7342 7343 7344
1705 707 957 3 7345 7346 7347
1706 707 995 9 7348 7349 7350 7351 7352 7353 7354 7355 7356
1707 707 899 6 7357 7358 7359 7360 7361 7362
1708 283 935 3 7363 7364 7365
1709 283 956 1 7366
1710 895 120 1 7367
1711 895 917 5 7368 7369 7370 7371 7372
1712 895 935 1 7373
1713 895 630 3 7374 7375 7376
1714 895 877 3 7377 7378 7379
1715 895 956 1 7380
1716 895 1010 3 7381 7382 7383
1717 895 958 5 7384 7385 7386 7387 7388
1718 895 913 3 7389 7390 7391
1719 895 995 3 7392 7393 7394
1720 895 899 3 7395 7396 7397
1721 430 935 7 7398 7399 7400 7401 7402 7403 7404
1722 430 956 6 7405 7406 7407 7408 7409 7410
1723 430 997 1 7411
1724 948 120 3 7412 7413 7414
1725 948 917 1 7415
1726 948 935 8 7416 7417 7418 7419 7420 7421 7422 7423
1727 948 232 6 7424 7425 7426 7427 7428 7429
1728 948 956 9 7430 7431 7432 7433 7434 7435 7436 7437 7438
1729 948 651 6 7439 7440 7441 7442 7443 7444
1730 948 1010 5 7445 7446 7447 7448 7449
1731 948 958 1 7450
1732 948 997 12 7451 7452 7453 7454 7455 7456 7457 7458 7459 7460 7461 7462
1733 948 616 9 7463 7464 7465 7466 7467 7468 7469 7470 7471
1734 948 913 3 7472 7473 7474
1735 948 995 1 7475
1736 948 986 9 7476 7477 7478 7479 7480 7481 7482 7483 7484
1737 948 899 5 7485 7486 7487 7488 7489
1738 431 917 7 7490 7491 7492 7493 7494 7495 7496
1739 431 935 3 7497 7498 7499
1740 431 877 3 7500 7501 7502
1741 431 956 3 7503 7504 7505
1742 431 958 9 7506 7507 7508 7509 7510 7511 7512 7513 7514
1743 431 957 3 7515 7516 7517
1744 316 935 3 7518 7519 7520
1745 316 956 1 7521
1746 909 120 5 7522 7523 7524 7525 7526
1747 909 917 9 7527 7528 7529 7530 7531 7532 7533 7534 7535
1748 909 935 5 7536 7537 7538 7539 7540
1749 909 232 1 7541
1750 909 630 4 7542 7543 7544 7545
1751 909 877 3 7546 7547 7548
1752 909 956 5 7549 7550 7551 7552 7553
1753 909 651 1 7554
1754 909 1010 10 7555 7556 7557 7558 7559 7560 7561 7562 7563 7564
1755 909 958 9 7565 7566 7567 7568 7569 7570 7571 7572 7573
1756 909 997 1 7574
1757 909 616 1 7575
1758 909 913 6 7576 7577 7578 7579 7580 7581
1759 909 995 5 7582 7583 7584 7585 7586
1760 909 986 1 7587
1761 909 899 10 7588 7589 7590 7591 7592 7593 7594 7595 7596 7597
1762 864 935 7 7598 7599 7600 7601 7602 7603 7604
1763 864 956 6 7605 7606 7607 7608 7609 7610
1764 864 997 3 7611 7612 7613
1765 485 917 2 7614 7615
1766 485 935 6 7616 7617 7618 7619 7620 7621
1767 485 877 1 7622
1768 485 956 3 7623 7624 7625
1769 485 958 3 7626 7627 7628
1770 485 957 1 7629
1771 283 935 3 7630 7631 7632
1772 283 879 3 7633 7634 7635
1773 283 956 6 7636 7637 7638 7639 7640 7641
1774 430 431 2 7642 7643
1775 430 935 3 7644 7645 7646
1776 430 484 10 7647 7648 7649 7650 7651 7652 7653 7654 7655 7656
1777 430 879 9 7657 7658 7659 7660 7661 7662 7663 7664 7665
1778 430 956 13 7666 7667 7668 7669 7670 7671 7672 7673 7674 7675 7676 7677 7678
1779 430 200 5 7679 7680 7681 7682 7683
1780 430 997 3 7684 7685 7686
1781 707 120 1 7687
1782 707 630 6 7688 7689 7690 7691 7692 7693
1783 707 879 1 7694
1784 707 956 6 7695 7696 7697 7698 7699 7700
1785 707 1010 1 7701
1786 707 985 7 7702 7703 7704 7705 7706 7707 7708
1787 707 958 10 7709 7710 7711 7712 7713 7714 7715 7716 7717 7718
1788 707 913 3 7719 7720 7721
1789 707 998 2 7722 7723
1790 707 898 3 7724 7725 7726
1791 707 957 5 7727 7728 7729 7730 7731
1792 707 995 3 7732 7733 7734
1793 707 899 1 7735
1794 948 120 1 7736
1795 948 431 1 7737
1796 948 232 3 7738 7739 7740
1797 948 484 5 7741 7742 7743 7744 7745
1798 948 767 1 7746
1799 948 651 5 7747 7748 7749 7750 7751
1800 948 997 6 7752 7753 7754 7755 7756 7757
1801 948 616 3 7758 7759 7760
1802 948 986 3 7761 7762 7763
1803 431 879 1 7764
1804 431 956 6 7765 7766 7767 7768 7769 7770
1805 431 958 7 7771 7772 7773 7774 7775 7776 7777
1806 431 957 3 7778 7779 7780
1807 316 935 3 7781 7782 7783
1808 316 879 3 7784 7785 7786
1809 316 956 6 7787 7788 7789 7790 7791 7792
1810 864 431 2 7793 7794
1811 864 935 3 7795 7796 7797
1812 864 484 11 7798 7799 7800 7801 7802 7803 7804 7805 7806 7807 7808
1813 864 879 1 7809
1814 864 956 10 7810 7811 7812 7813 7814 7815 7816 7817 7818 7819
1815 864 200 1 7820
1816 864 997 9 7821 7822 7823 7824 7825 7826 7827 7828 7829
1817 546 120 5 7830 7831 7832 7833 7834
1818 546 431 1 7835
1819 546 232 3 7836 7837 7838
1820 546 630 5 7839 7840 7841 7842 7843
1821 546 484 8 7844 7845 7846 7847 7848 7849 7850 7851
1822 546 879 3 7852 7853 7854
1823 546 956 9 7855 7856 7857 7858 7859 7860 7861 7862 7863
1824 546 767 1 7864
1825 546 651 6 7865 7866 7867 7868 7869 7870
1826 546 1010 6 7871 7872 7873 7874 7875 7876
1827 546 985 2 7877 7878
1828 546 200 1 7879
1829 546 997 8 7880 7881 7882 7883 7884 7885 7886 7887
1830 546 958 6 7888 7889 7890 7891 7892 7893
1831 546 616 5 7894 7895 7896 7897 7898
1832 546 913 6 7899 7900 7901 7902 7903 7904
1833 546 898 3 7905 7906 7907
1834 546 986 5 7908 7909 7910 7911 7912
1835 546 957 1 7913
1836 546 995 5 7914 7915 7916 7917 7918
1837 546 899 6 7919 7920 7921 7922 7923 7924
1838 485 935 1 7925
1839 485 879 3 7926 7927 7928
1840 485 956 8 7929 7930 7931 7932 7933 7934 7935 7936
1841 485 958 2 7937 7938
1842 485 957 1 7939
1843 744 431 3 7940 7941 7942
1844 744 599 1 7943
1845 744 886 1 7944
1846 744 520 2 7945 7946
1847 744 287 5 7947 7948 7949 7950 7951
1848 744 757 5 7952 7953 7954 7955 7956
1849 672 431 6 7957 7958 7959 7960 7961 7962
1850 672 599 1 7963
1851 672 886 1 7964
1852 672 520 2 7965 7966
1853 672 287 5 7967 7968 7969 7970 7971
1854 672 757 3 7972 7973 7974
1855 1010 431 14 7975 7976 7977 7978 7979 7980 7981 7982 7983 7984 7985 7986 7987 7988
1856 1010 599 1 7989
1857 1010 935 3 7990 7991 7992
1858 1010 520 1 7993
1859 1010 484 7 7994 7995 7996 7997 7998 7999 8000
1860 1010 287 3 8001 8002 8003
1861 1010 757 3 8004 8005 8006
1862 1010 841 3 8007 8008 8009
1863 1010 956 3 8010 8011 8012
1864 1010 200 3 8013 8014 8015
1865 1010 997 3 8016 8017 8018
1866 1010 94 1 8019
1867 1010 659 1 8020
1868 1010 999 3 8021 8022 8023
1869 1010 879 3 8024 8025 8026
1870 894 431 3 8027 8028 8029
1871 894 599 1 8030
1872 894 886 3 8031 8032 8033
1873 894 520 1 8034
1874 894 287 1 8035
1875 894 757 5 8036 8037 8038 8039 8040
1876 864 431 1 8041
1877 864 935 6 8042 8043 8044 8045 8046 8047
1878 864 484 5 8048 8049 8050 8051 8052
1879 864 841 3 8053 8054 8055
1880 864 956 7 8056 8057 8058 8059 8060 8061 8062
1881 864 200 1 8063
1882 864 997 3 8064 8065 8066
1883 864 999 1 8067
1884 864 879 3 8068 8069 8070
1885 619 431 6 8071 8072 8073 8074 8075 8076
1886 619 599 1 8077
1887 619 886 1 8078
1888 619 520 1 8079
1889 619 287 3 8080 8081 8082
1890 619 757 5 8083 8084 8085 8086 8087
1891 672 886 1 8088
1892 619 659 3 8089 8090 8091
1893 619 886 6 8092 8093 8094 8095 8096 8097
1894 619 999 1 8098
1895 619 757 5 8099 8100 8101 8102 8103
1896 606 659 5 8104 8105 8106 8107 8108
1897 606 886 3 8109 8110 8111
1898 606 999 1 8112
1899 606 757 5 8113 8114 8115 8116 8117
1900 331 659 3 8118 8119 8120
1901 331 999 3 8121 8122 8123
1902 283 999 6 8124 8125 8126 8127 8128 8129
1903 283 841 3 8130 8131 8132
1904 744 886 1 8133
1905 430 659 1 8134
1906 430 999 8 8135 8136 8137 8138 8139 8140 8141 8142
1907 430 841 3 8143 8144 8145
1908 1010 659 3 8146 8147 8148
1909 1010 999 3 8149 8150 8151
1910 1010 757 1 8152
1911 799 659 15 8153 8154 8155 8156 8157 8158 8159 8160 8161 8162 8163 8164 8165 8166 8167
1912 799 886 3 8168 8169 8170
1913 799 999 5 8171 8172 8173 8174 8175
1914 799 757 9 8176 8177 8178 8179 8180 8181 8182 8183 8184
1915 228 659 9 8185 8186 8187 8188 8189 8190 8191 8192 8193
1916 228 999 10 8194 8195 8196 8197 8198 8199 8200 8201 8202 8203
1917 228 841 1 8204
1918 894 886 1 8205
1919 864 659 1 8206
1920 864 935 1 8207
1921 864 999 8 8208 8209 8210 8211 8212 8213 8214 8215
1922 864 841 3 8216 8217 8218
1923 771 659 2 8219 8220
1924 771 886 1 8221
1925 771 999 1 8222
1926 771 757 2 8223 8224
1927 303 659 1 8225
1928 713 87 3 8226 8227 8228
1929 713 432 3 8229 8230 8231
1930 713 480 3 8232 8233 8234
1931 713 297 5 8235 8236 8237 8238 8239
1932 713 37 1 8240
1933 713 142 11 8241 8242 8243 8244 8245 8246 8247 8248 8249 8250 8251
1934 713 64 1 8252
1935 713 744 3 8253 8254 8255
1936 713 672 3 8256 8257 8258
1937 654 87 3 8259 8260 8261
1938 654 432 6 8262 8263 8264 8265 8266 8267
1939 654 480 3 8268 8269 8270
1940 654 297 3 8271 8272 8273
1941 654 37 1 8274
1942 654 142 5 8275 8276 8277 8278 8279
1943 654 64 1 8280
1944 927 87 3 8281 8282 8283
1945 927 432 3 8284 8285 8286
1946 927 480 3 8287 8288 8289
1947 927 905 1 8290
1948 927 297 6 8291 8292 8293 8294 8295 8296
1949 927 37 1 8297
1950 927 142 5 8298 8299 8300 8301 8302
1951 927 64 1 8303
1952 927 744 8 8304 8305 8306 8307 8308 8309 8310 8311
1953 927 672 3 8312 8313 8314
1954 755 905 3 8315 8316 8317
1955 755 744 3 8318 8319 8320
1956 713 905 6 8321 8322 8323 8324 8325 8326
1957 713 744 1 8327
1958 636 905 8 8328 8329 8330 8331 8332 8333 8334 8335
1959 636 744 6 8336 8337 8338 8339 8340 8341
1960 685 450 3 8342 8343 8344
1961 685 672 2 8345 8346
1962 685 905 4 8347 8348 8349 8350
1963 685 297 3 8351 8352 8353
1964 685 744 27 8354 8355 8356 8357 8358 8359 8360 8361 8362 8363 8364 8365 8366 8367 8368 8369 8370 8371 8372 8373 8374 8375 8376 8377 8378 8379 8380
1965 685 1009 1 8381
1966 446 450 3 8382 8383 8384
1967 446 672 3 8385 8386 8387
1968 446 297 3 8388 8389 8390
1969 446 744 10 8391 8392 8393 8394 8395 8396 8397 8398 8399 8400
1970 446 1009 3 8401 8402 8403
1971 927 905 1 8404
1972 719 905 1 8405
1973 719 744 3 8406 8407 8408
1974 632 450 3 8409 8410 8411
1975 632 905 3 8412 8413 8414
1976 632 297 3 8415 8416 8417
1977 632 744 7 8418 8419 8420 8421 8422 8423 8424
1978 530 450 3 8425 8426 8427
1979 530 672 3 8428 8429 8430
1980 530 980 1 8431
1981 530 297 6 8432 8433 8434 8435 8436 8437
1982 530 142 1 8438
1983 530 744 5 8439 8440 8441 8442 8443
1984 530 1009 3 8444 8445 8446
1985 707 120 1 8447
1986 707 914 3 8448 8449 8450
1987 707 917 3 8451 8452 8453
1988 707 630 6 8454 8455 8456 8457 8458 8459
1989 707 877 12 8460 8461 8462 8463 8464 8465 8466 8467 8468 8469 8470 8471
1990 707 1010 3 8472 8473 8474
1991 707 985 3 8475 8476 8477
1992 707 957 3 8478 8479 8480
1993 707 958 9 8481 8482 8483 8484 8485 8486 8487 8488 8489
1994 707 913 6 8490 8491 8492 8493 8494 8495
1995 707 998 1 8496
1996 707 898 5 8497 8498 8499 8500 8501
1997 707 995 5 8502 8503 8504 8505 8506
1998 707 899 1 8507
1999 895 120 4 8508 8509 8510 8511
2000 895 914 4 8512 8513 8514 8515
2001 895 917 4 8516 8517 8518 8519
2002 895 630 12 8520 8521 8522 8523 8524 8525 8526 8527 8528 8529 8530 8531
2003 895 877 18 8532 8533 8534 8535 8536 8537 8538 8539 8540 8541 8542 8543 8544 8545 8546 8547 8548 8549
2004 895 1010 12 8550 8551 8552 8553 8554 8555 8556 8557 8558 8559 8560 8561
2005 895 958 13 8562 8563 8564 8565 8566 8567 8568 8569 8570 8571 8572 8573 8574
2006 895 913 16 8575 8576 8577 8578 8579 8580 8581 8582 8583 8584 8585 8586 8587 8588 8589 8590
2007 895 898 6 8591 8592 8593 8594 8595 8596
2008 895 995 18 8597 8598 8599 8600 8601 8602 8603 8604 8605 8606 8607 8608 8609 8610 8611 8612 8613 8614
2009 895 899 6 8615 8616 8617 8618 8619 8620
2010 431 914 3 8621 8622 8623
2011 431 917 3 8624 8625 8626
2012 431 877 13 8627 8628 8629 8630 8631 8632 8633 8634 8635 8636 8637 8638 8639
2013 431 957 3 8640 8641 8642
2014 431 958 6 8643 8644 8645 8646 8647 8648
2015 912 120 1 8649
2016 912 914 3 8650 8651 8652
2017 912 630 3 8653 8654 8655
2018 912 877 3 8656 8657 8658
2019 912 958 3 8659 8660 8661
2020 912 913 3 8662 8663 8664
2021 912 898 3 8665 8666 8667
2022 912 995 3 8668 8669 8670
2023 909 120 1 8671
2024 909 917 3 8672 8673 8674
2025 909 877 3 8675 8676 8677
2026 909 1010 3 8678 8679 8680
2027 909 958 3 8681 8682 8683
2028 909 913 3 8684 8685 8686
2029 909 995 3 8687 8688 8689
2030 909 899 3 8690 8691 8692
2031 485 914 1 8693
2032 485 917 1 8694
2033 485 877 4 8695 8696 8697 8698
2034 485 957 1 8699
2035 485 958 2 8700 8701
2036 619 886 3 8702 8703 8704
2037 93 659 1 8705
2038 672 886 7 8706 8707 8708 8709 8710 8711 8712
2039 672 757 1 8713
2040 606 886 10 8714 8715 8716 8717 8718 8719 8720 8721 8722 8723
2041 606 757 3 8724 8725 8726
2042 129 659 1 8727
2043 75 659 1 8728
2044 744 886 6 8729 8730 8731 8732 8733 8734
2045 744 757 1 8735
2046 799 659 6 8736 8737 8738 8739 8740 8741
2047 799 886 3 8742 8743 8744
2048 799 757 6 8745 8746 8747 8748 8749 8750
2049 363 659 3 8751 8752 8753
2050 573 886 3 8754 8755 8756
2051 573 757 1 8757
2052 461 260 1 8758
2053 461 659 3 8759 8760 8761
2054 461 886 10 8762 8763 8764 8765 8766 8767 8768 8769 8770 8771
2055 461 191 1 8772
2056 461 757 3 8773 8774 8775
2057 461 763 6 8776 8777 8778 8779 8780 8781
2058 228 659 3 8782 8783 8784
2059 369 659 1 8785
2060 894 886 1 8786
2061 771 659 8 8787 8788 8789 8790 8791 8792 8793 8794
2062 771 886 5 8795 8796 8797 8798 8799
2063 771 757 5 8800 8801 8802 8803 8804
2064 513 260 3 8805 8806 8807
2065 513 886 5 8808 8809 8810 8811 8812
2066 513 191 3 8813 8814 8815
2067 513 757 1 8816
2068 513 763 5 8817 8818 8819 8820 8821
2069 303 659 3 8822 8823 8824
2070 724 85 3 8825 8826 8827
2071 724 431 5 8828 8829 8830 8831 8832
2072 724 599 1 8833
2073 724 287 3 8834 8835 8836
2074 724 83 3 8837 8838 8839
2075 724 520 7 8840 8841 8842 8843 8844 8845 8846
2076 672 431 5 8847 8848 8849 8850 8851
2077 672 599 1 8852
2078 672 287 3 8853 8854 8855
2079 672 520 3 8856 8857 8858
2080 744 85 3 8859 8860 8861
2081 744 431 5 8862 8863 8864 8865 8866
2082 744 599 2 8867 8868
2083 744 287 12 8869 8870 8871 8872 8873 8874 8875 8876 8877 8878 8879 8880
2084 744 83 1 8881
2085 744 520 8 8882 8883 8884 8885 8886 8887 8888 8889
2086 744 757 1 8890
2087 894 85 3 8891 8892 8893
2088 894 431 3 8894 8895 8896
2089 894 599 1 8897
2090 894 886 1 8898
2091 894 287 7 8899 8900 8901 8902 8903 8904 8905
2092 894 83 1 8906
2093 894 520 4 8907 8908 8909 8910
2094 894 757 6 8911 8912 8913 8914 8915 8916
2095 975 914 1 8917
2096 803 914 3 8918 8919 8920
2097 803 934 3 8921 8922 8923
2098 707 914 6 8924 8925 8926 8927 8928 8929
2099 707 934 1 8930
2100 758 914 1 8931
2101 895 914 3 8932 8933 8934
2102 897 914 3 8935 8936 8937
2103 897 934 3 8938 8939 8940
2104 754 914 1 8941
2105 754 934 5 8942 8943 8944 8945 8946
2106 885 914 1 8947
2107 885 934 5 8948 8949 8950 8951 8952
2108 431 914 8 8953 8954 8955 8956 8957 8958 8959 8960
2109 431 934 5 8961 8962 8963 8964 8965
2110 912 914 6 8966 8967 8968 8969 8970 8971
2111 912 934 1 8972
2112 839 914 1 8973
2113 839 934 5 8974 8975 8976 8977 8978
2114 664 914 3 8979 8980 8981
2115 664 934 5 8982 8983 8984 8985 8986
2116 485 914 1 8987
2117 485 934 1 8988
2118 948 120 1 8989
2119 948 935 1 8990
2120 948 986 8 8991 8992 8993 8994 8995 8996 8997 8998
2121 948 232 3 8999 9000 9001
2122 948 956 2 9002 9003
2123 948 616 7 9004 9005 9006 9007 9008 9009 9010
2124 948 899 1 9011
2125 948 997 6 9012 9013 9014 9015 9016 9017
2126 948 651 3 9018 9019 9020
2127 948 1010 1 9021
2128 948 913 1 9022
2129 909 120 3 9023 9024 9025
2130 909 917 3 9026 9027 9028
2131 909 935 3 9029 9030 9031
2132 909 986 9 9032 9033 9034 9035 9036 9037 9038 9039 9040
2133 909 232 3 9041 9042 9043
2134 909 630 1 9044
2135 909 877 3 9045 9046 9047
2136 909 956 3 9048 9049 9050
2137 909 616 5 9051 9052 9053 9054 9055
2138 909 899 7 9056 9057 9058 9059 9060 9061 9062
2139 909 997 3 9063 9064 9065
2140 909 651 3 9066 9067 9068
2141 909 1010 6 9069 9070 9071 9072 9073 9074
2142 909 961 1 9075
2143 909 958 3 9076 9077 9078
2144 909 995 3 9079 9080 9081
2145 909 913 3 9082 9083 9084
2146 864 935 3 9085 9086 9087
2147 864 986 1 9088
2148 864 956 3 9089 9090 9091
2149 864 997 7 9092 9093 9094 9095 9096 9097 9098
2150 897 120 1 9099
2151 897 934 1 9100
2152 897 985 5 9101 9102 9103 9104 9105
2153 897 630 3 9106 9107 9108
2154 897 957 2 9109 9110
2155 897 998 6 9111 9112 9113 9114 9115 9116
2156 912 120 1 9117
2157 912 914 3 9118 9119 9120
2158 912 934 3 9121 9122 9123
2159 912 985 10 9124 9125 9126 9127 9128 9129 9130 9131 9132 9133
2160 912 630 6 9134 9135 9136 9137 9138 9139
2161 912 877 3 9140 9141 9142
2162 912 957 3 9143 9144 9145
2163 912 998 3 9146 9147 9148
2164 912 898 5 9149 9150 9151 9152 9153
2165 912 1010 1 9154
2166 912 961 1 9155
2167 912 958 3 9156 9157 9158
2168 912 995 3 9159 9160 9161
2169 912 913 1 9162
2170 839 934 3 9163 9164 9165
2171 839 985 1 9166
2172 839 957 3 9167 9168 9169
2173 839 998 7 9170 9171 9172 9173 9174 9175 9176
2174 975 917 1 9177
2175 546 917 3 9178 9179 9180
2176 546 935 3 9181 9182 9183
2177 707 917 7 9184 9185 9186 9187 9188 9189 9190
2178 707 935 1 9191
2179 758 917 1 9192
2180 895 917 3 9193 9194 9195
2181 430 917 1 9196
2182 430 935 5 9197 9198 9199 9200 9201
2183 948 917 3 9202 9203 9204
2184 948 935 3 9205 9206 9207
2185 431 917 5 9208 9209 9210 9211 9212
2186 431 935 1 9213
2187 787 917 1 9214
2188 283 917 1 9215
2189 283 935 6 9216 9217 9218 9219 9220 9221
2190 909 917 6 9222 9223 9224 9225 9226 9227
2191 909 935 1 9228
2192 864 917 1 9229
2193 864 935 5 9230 9231 9232 9233 9234
2194 485 917 6 9235 9236 9237 9238 9239 9240
2195 485 935 3 9241 9242 9243
2196 316 917 3 9244 9245 9246
2197 316 935 6 9247 9248 9249 9250 9251 9252
2198 754 868 1 9253
2199 754 934 5 9254 9255 9256 9257 9258
2200 885 868 3 9259 9260 9261
2201 885 934 7 9262 9263 9264 9265 9266 9267 9268
2202 431 868 6 9269 9270 9271 9272 9273 9274
2203 431 934 3 9275 9276 9277
2204 431 980 3 9278 9279 9280
2205 431 936 3 9281 9282 9283
2206 839 934 1 9284
2207 664 868 12 9285 9286 9287 9288 9289 9290 9291 9292 9293 9294 9295 9296
2208 664 934 5 9297 9298 9299 9300 9301
2209 664 980 3 9302 9303 9304
2210 664 936 3 9305 9306 9307
2211 530 868 3 9308 9309 9310
2212 530 980 3 9311 9312 9313
2213 530 936 3 9314 9315 9316
2214 485 868 2 9317 9318
2215 485 934 1 9319
2216 485 980 1 9320
2217 485 936 1 9321
2218 897 120 3 9322 9323 9324
2219 897 432 1 9325
2220 897 985 5 9326 9327 9328 9329 9330
2221 897 485 6 9331 9332 9333 9334 9335 9336
2222 897 630 3 9337 9338 9339
2223 897 998 6 9340 9341 9342 9343 9344 9345
2224 839 432 1 9346
2225 839 934 1 9347
2226 839 985 1 9348
2227 839 485 3 9349 9350 9351
2228 839 957 2 9352 9353
2229 839 998 10 9354 9355 9356 9357 9358 9359 9360 9361 9362 9363
2230 975 914 3 9364 9365 9366
2231 975 917 3 9367 9368 9369
2232 975 877 3 9370 9371 9372
2233 707 914 3 9373 9374 9375
2234 707 917 3 9376 9377 9378
2235 707 877 3 9379 9380 9381
2236 758 914 5 9382 9383 9384 9385 9386
2237 758 917 4 9387 9388 9389 9390
2238 758 877 5 9391 9392 9393 9394 9395
2239 895 914 8 9396 9397 9398 9399 9400 9401 9402 9403
2240 895 917 8 9404 9405 9406 9407 9408 9409 9410 9411
2241 895 877 6 9412 9413 9414 9415 9416 9417
2242 431 914 5 9418 9419 9420 9421 9422
2243 431 917 5 9423 9424 9425 9426 9427
2244 431 877 5 9428 9429 9430 9431 9432
2245 787 914 2 9433 9434
2246 787 917 3 9435 9436 9437
2247 787 877 3 9438 9439 9440
2248 912 914 1 9441
2249 909 917 1 9442
2250 855 914 1 9443
2251 855 917 1 9444
2252 855 877 1 9445
2253 485 914 1 9446
2254 485 917 1 9447
2255 485 877 1 9448
2256 895 120 1 9449
2257 895 954 1 9450
2258 895 630 3 9451 9452 9453
2259 895 877 8 9454 9455 9456 9457 9458 9459 9460 9461
2260 895 913 12 9462 9463 9464 9465 9466 9467 9468 9469 9470 9471 9472 9473
2261 895 1010 3 9474 9475 9476
2262 895 961 3 9477 9478 9479
2263 895 958 3 9480 9481 9482
2264 895 898 3 9483 9484 9485
2265 895 899 3 9486 9487 9488
2266 895 995 13 9489 9490 9491 9492 9493 9494 9495 9496 9497 9498 9499 9500 9501
2267 912 120 1 9502
2268 912 914 2 9503 9504
2269 912 954 1 9505
2270 912 630 3 9506 9507 9508
2271 912 877 8 9509 9510 9511 9512 9513 9514 9515 9516
2272 912 913 6 9517 9518 9519 9520 9521 9522
2273 912 1010 3 9523 9524 9525
2274 912 961 3 9526 9527 9528
2275 912 958 3 9529 9530 9531
2276 912 898 6 9532 9533 9534 9535 9536 9537
2277 912 995 7 9538 9539 9540 9541 9542 9543 9544
2278 909 120 1 9545
2279 909 917 2 9546 9547
2280 909 954 1 9548
2281 909 630 3 9549 9550 9551
2282 909 877 8 9552 9553 9554 9555 9556 9557 9558 9559
2283 909 913 6 9560 9561 9562 9563 9564 9565
2284 909 1010 3 9566 9567 9568
2285 909 961 3 9569 9570 9571
2286 909 958 3 9572 9573 9574
2287 909 899 7 9575 9576 9577 9578 9579 9580 9581
2288 909 995 7 9582 9583 9584 9585 9586 9587 9588
2289 948 120 1 9589
2290 948 431 1 9590
2291 948 986 5 9591 9592 9593 9594 9595
2292 948 232 3 9596 9597 9598
2293 948 484 6 9599 9600 9601 9602 9603 9604
2294 948 616 3 9605 9606 9607
2295 948 997 6 9608 9609 9610 9611 9612 9613
2296 948 767 1 9614
2297 948 651 5 9615 9616 9617 9618 9619
2298 864 431 1 9620
2299 864 935 1 9621
2300 864 986 1 9622
2301 864 484 3 9623 9624 9625
2302 864 956 2 9626 9627
2303 864 997 9 9628 9629 9630 9631 9632 9633 9634 9635 9636
2304 430 935 5 9637 9638 9639 9640 9641
2305 430 841 2 9642 9643
2306 283 935 6 9644 9645 9646 9647 9648 9649
2307 283 999 3 9650 9651 9652
2308 283 841 11 9653 9654 9655 9656 9657 9658 9659 9660 9661 9662 9663
2309 216 841 1 9664
2310 228 999 7 9665 9666 9667 9668 9669 9670 9671
2311 228 841 6 9672 9673 9674 9675 9676 9677
2312 864 935 2 9678 9679
2313 485 935 1 9680
2314 485 841 1 9681
2315 316 935 5 9682 9683 9684 9685 9686
2316 316 999 1 9687
2317 316 841 9 9688 9689 9690 9691 9692 9693 9694 9695 9696
2318 303 659 1 9697
2319 303 999 5 9698 9699 9700 9701 9702
2320 303 841 3 9703 9704 9705
2321 975 877 6 9706 9707 9708 9709 9710 9711
2322 975 914 3 9712 9713 9714
2323 975 917 3 9715 9716 9717
2324 975 954 1 9718
2325 975 961 6 9719 9720 9721 9722 9723 9724
2326 975 913 1 9725
2327 975 995 1 9726
2328 975 898 1 9727
2329 975 899 1 9728
2330 758 877 5 9729 9730 9731 9732 9733
2331 758 914 3 9734 9735 9736
2332 758 917 1 9737
2333 758 961 1 9738
2334 895 877 10 9739 9740 9741 9742 9743 9744 9745 9746 9747 9748
2335 895 914 2 9749 9750
2336 895 917 2 9751 9752
2337 895 954 2 9753 9754
2338 895 961 6 9755 9756 9757 9758 9759 9760
2339 895 913 6 9761 9762 9763 9764 9765 9766
2340 895 995 7 9767 9768 9769 9770 9771 9772 9773
2341 895 898 3 9774 9775 9776
2342 895 899 3 9777 9778 9779
2343 787 877 5 9780 9781 9782 9783 9784
2344 787 917 3 9785 9786 9787
2345 787 961 1 9788
2346 912 877 1 9789
2347 912 914 3 9790 9791 9792
2348 912 954 1 9793
2349 912 961 3 9794 9795 9796
2350 912 995 1 9797
2351 912 898 3 9798 9799 9800
2352 909 877 1 9801
2353 909 917 3 9802 9803 9804
2354 909 954 1 9805
2355 909 961 3 9806 9807 9808
2356 909 995 1 9809
2357 909 899 3 9810 9811 9812
2358 855 877 2 9813 9814
2359 855 914 1 9815
2360 855 917 1 9816
2361 855 961 1 9817
2362 619 886 1 9818
2363 390 886 1 9819
2364 622 886 1 9820
2365 672 886 1 9821
2366 606 886 1 9822
2367 510 886 1 9823
2368 618 886 1 9824
2369 720 886 1 9825
2370 744 886 3 9826 9827 9828
2371 799 886 1 9829
2372 573 886 3 9830 9831 9832
2373 461 886 6 9833 9834 9835 9836 9837 9838
2374 461 763 5 9839 9840 9841 9842 9843
2375 505 886 3 9844 9845 9846
2376 505 763 1 9847
2377 894 886 3 9848 9849 9850
2378 771 886 3 9851 9852 9853
2379 513 260 1 9854
2380 513 886 7 9855 9856 9857 9858 9859 9860 9861
2381 513 191 1 9862
2382 513 763 8 9863 9864 9865 9866 9867 9868 9869 9870
2383 441 886 5 9871 9872 9873 9874 9875
2384 441 763 3 9876 9877 9878
2385 894 85 5 9879 9880 9881 9882 9883
2386 894 352 3 9884 9885 9886
2387 894 599 3 9887 9888 9889
2388 894 886 3 9890 9891 9892
2389 894 287 3 9893 9894 9895
2390 894 83 6 9896 9897 9898 9899 9900 9901
2391 894 191 1 9902
2392 894 299 3 9903 9904 9905
2393 894 148 1 9906
2394 894 73 3 9907 9908 9909
2395 894 520 3 9910 9911 9912
2396 894 763 1 9913
2397 894 757 3 9914 9915 9916
2398 894 431 1 9917
2399 894 70 1 9918
2400 894 706 1 9919
2401 975 914 3 9920 9921 9922
2402 707 914 1 9923
2403 758 914 7 9924 9925 9926 9927 9928 9929 9930
2404 895 914 3 9931 9932 9933
2405 431 914 8 9934 9935 9936 9937 9938 9939 9940 9941
2406 787 914 1 9942
2407 912 914 1 9943
2408 855 914 1 9944
2409 664 914 1 9945
2410 485 914 1 9946
2411 909 120 3 9947 9948 9949
2412 909 917 1 9950
2413 909 954 1 9951
2414 909 986 3 9952 9953 9954
2415 909 232 1 9955
2416 909 630 3 9956 9957 9958
2417 909 877 3 9959 9960 9961
2418 909 913 5 9962 9963 9964 9965 9966
2419 909 616 3 9967 9968 9969
2420 909 899 10 9970 9971 9972 9973 9974 9975 9976 9977 9978 9979
2421 909 651 1 9980
2422 909 1010 6 9981 9982 9983 9984 9985 9986
2423 909 961 3 9987 9988 9989
2424 909 958 1 9990
2425 909 995 3 9991 9992 9993
2426 975 917 3 9994 9995 9996
2427 707 917 1 9997
2428 758 917 5 9998 9999 10000 10001 10002
2429 895 917 3 10003 10004 10005
2430 431 917 6 10006 10007 10008 10009 10010 10011
2431 787 917 7 10012 10013 10014 10015 10016 10017 10018
2432 909 917 1 10019
2433 855 917 1 10020
2434 485 917 5 10021 10022 10023 10024 10025
2435 316 917 1 10026
2436 912 120 1 10027
2437 912 914 1 10028
2438 912 954 1 10029
2439 912 985 3 10030 10031 10032
2440 912 630 6 10033 10034 10035 10036 10037 10038
2441 912 877 3 10039 10040 10041
2442 912 913 5 10042 10043 10044 10045 10046
2443 912 898 10 10047 10048 10049 10050 10051 10052 10053 10054 10055 10056
2444 912 1010 3 10057 10058 10059
2445 912 961 3 10060 10061 10062
2446 912 958 1 10063
2447 912 995 3 10064 10065 10066
2448 927 87 5 10067 10068 10069 10070 10071
2449 927 319 3 10072 10073 10074
2450 927 480 3 10075 10076 10077
2451 927 905 3 10078 10079 10080
2452 927 297 3 10081 10082 10083
2453 927 37 6 10084 10085 10086 10087 10088 10089
2454 927 163 1 10090
2455 927 236 3 10091 10092 10093
2456 927 117 1 10094
2457 927 432 1 10095
2458 927 64 3 10096 10097 10098
2459 927 756 1 10099
2460 927 744 3 10100 10101 10102
2461 927 142 1 10103
2462 927 286 1 10104
2463 927 672 1 10105
2464 588 905 1 10106
2465 697 905 1 10107
2466 783 905 1 10108
2467 755 905 1 10109
2468 661 905 1 10110
2469 766 905 1 10111
2470 713 905 3 10112 10113 10114
2471 656 905 3 10115 10116 10117
2472 636 905 3 10118 10119 10120
2473 685 905 6 10121 10122 10123 10124 10125 10126
2474 685 744 3 10127 10128 10129
2475 626 905 3 10130 10131 10132
2476 927 905 3 10133 10134 10135
2477 719 905 5 10136 10137 10138 10139 10140
2478 719 744 1 10141
2479 635 905 3 10142 10143 10144
2480 632 450 1 10145
2481 632 905 10 10146 10147 10148 10149 10150 10151 10152 10153 10154 10155
2482 632 297 1 10156
2483 632 744 6 10157 10158 10159 10160 10161 10162
2484 1002 432 5 10163 10164 10165 10166 10167
2485 1002 480 1 10168
2486 1002 934 1 10169
2487 1002 985 1 10170
2488 1002 485 3 10171 10172 10173
2489 1002 957 1 10174
2490 1002 998 7 10175 10176 10177 10178 10179 10180 10181
2491 839 432 1 10182
2492 839 934 3 10183 10184 10185
2493 839 985 1 10186
2494 839 485 3 10187 10188 10189
2495 839 957 3 10190 10191 10192
2496 839 998 9 10193 10194 10195 10196 10197 10198 10199 10200 10201
2497 755 1009 3 10202 10203 10204
2498 754 868 4 10205 10206 10207 10208
2499 754 934 2 10209 10210
2500 754 1009 1 10211
2501 685 1009 3 10212 10213 10214
2502 885 868 6 10215 10216 10217 10218 10219 10220
2503 885 934 3 10221 10222 10223
2504 885 1009 9 10224 10225 10226 10227 10228 10229 10230 10231 10232
2505 446 1009 1 10233
2506 839 868 1 10234
2507 839 934 3 10235 10236 10237
2508 839 1009 1 10238
2509 719 1009 1 10239
2510 664 868 8 10240 10241 10242 10243 10244 10245 10246 10247
2511 664 934 1 10248
2512 664 1009 5 10249 10250 10251 10252 10253
2513 530 868 6 10254 10255 10256 10257 10258 10259
2514 530 980 1 10260
2515 530 1009 3 10261 10262 10263
2516 530 936 1 10264
2517 430 841 5 10265 10266 10267 10268 10269
2518 430 935 1 10270
2519 430 999 1 10271
2520 799 659 2 10272 10273
2521 799 999 7 10274 10275 10276 10277 10278 10279 10280
2522 283 841 9 10281 10282 10283 10284 10285 10286 10287 10288 10289
2523 283 935 3 10290 10291 10292
2524 283 999 11 10293 10294 10295 10296 10297 10298 10299 10300 10301 10302 10303
2525 228 659 5 10304 10305 10306 10307 10308
2526 228 841 1 10309
2527 228 999 14 10310 10311 10312 10313 10314 10315 10316 10317 10318 10319 10320 10321 10322 10323
2528 864 841 2 10324 10325
2529 864 935 3 10326 10327 10328
2530 864 999 1 10329
2531 771 999 2 10330 10331
2532 316 841 1 10332
2533 316 935 1 10333
2534 316 999 2 10334 10335
2535 303 659 3 10336 10337 10338
2536 303 999 1 10339
2537 1010 431 5 10340 10341 10342 10343 10344
2538 1010 599 1 10345
2539 1010 935 1 10346
2540 1010 986 1 10347
2541 1010 520 1 10348
2542 1010 484 3 10349 10350 10351
2543 1010 956 1 10352
2544 1010 997 7 10353 10354 10355 10356 10357 10358 10359
2545 864 431 1 10360
2546 864 935 3 10361 10362 10363
2547 864 986 1 10364
2548 864 484 3 10365 10366 10367
2549 864 956 3 10368 10369 10370
2550 864 997 9 10371 10372 10373 10374 10375 10376 10377 10378 10379
