138 419
0 6 1 2 3 4 5 6 
1 1 7 
2 5 8 9 10 11 12 
3 1 13 
4 1 14 
5 3 15 16 17 
6 6 18 19 20 21 22 23 
7 3 24 25 26 
8 3 27 28 29 
9 9 30 31 32 33 34 35 36 37 38 
10 5 39 40 41 42 43 
11 6 44 45 46 47 48 49 
12 1 50 
13 3 51 52 53 
14 3 54 55 56 
15 1 57 
16 1 58 
17 7 59 60 61 62 63 64 65 
18 5 66 67 68 69 70 
19 1 71 
20 3 72 73 74 
21 1 75 
22 6 76 77 78 79 80 81 
23 1 82 
24 1 83 
25 1 84 
26 6 85 86 87 88 89 90 
27 3 91 92 93 
28 3 94 95 96 
29 1 97 
30 1 98 
31 1 99 
32 1 100 
33 1 101 
34 6 102 103 104 105 106 107 
35 1 108 
36 1 109 
37 5 110 111 112 113 114 
38 1 115 
39 3 116 117 118 
40 3 119 120 121 
41 1 122 
42 1 123 
43 3 124 125 126 
44 3 127 128 129 
45 1 130 
46 7 131 132 133 134 135 136 137 
47 1 138 
48 3 139 140 141 
49 3 142 143 144 
50 1 145 
51 3 146 147 148 
52 1 149 
53 3 150 151 152 
54 3 153 154 155 
55 3 156 157 158 
56 3 159 160 161 
57 1 162 
58 5 163 164 165 166 167 
59 3 168 169 170 
60 1 171 
61 1 172 
62 1 173 
63 5 174 175 176 177 178 
64 1 179 
65 3 180 181 182 
66 3 183 184 185 
67 1 186 
68 3 187 188 189 
69 3 190 191 192 
70 1 193 
71 1 194 
72 3 195 196 197 
73 1 198 
74 1 199 
75 5 200 201 202 203 204 
76 1 205 
77 3 206 207 208 
78 5 209 210 211 212 213 
79 3 214 215 216 
80 5 217 218 219 220 221 
81 1 222 
82 5 223 224 225 226 227 
83 6 228 229 230 231 232 233 
84 6 234 235 236 237 238 239 
85 5 240 241 242 243 244 
86 1 245 
87 1 246 
88 6 247 248 249 250 251 252 
89 3 253 254 255 
90 3 256 257 258 
91 1 259 
92 3 260 261 262 
93 7 263 264 265 266 267 268 269 
94 1 270 
95 4 271 272 273 274 
96 3 275 276 277 
97 3 278 279 280 
98 1 281 
99 8 282 283 284 285 286 287 288 289 
100 3 290 291 292 
101 3 293 294 295 
102 4 296 297 298 299 
103 2 300 301 
104 6 302 303 304 305 306 307 
105 1 308 
106 1 309 
107 6 310 311 312 313 314 315 
108 5 316 317 318 319 320 
109 10 321 322 323 324 325 326 327 328 329 330 
110 5 331 332 333 334 335 
111 3 336 337 338 
112 5 339 340 341 342 343 
113 3 344 345 346 
114 3 347 348 349 
115 1 350 
116 5 351 352 353 354 355 
117 3 356 357 358 
118 3 359 360 361 
119 6 362 363 364 365 366 367 
120 11 368 369 370 371 372 373 374 375 376 377 378 
121 1 379 
122 6 380 381 382 383 384 385 
123 1 386 
124 3 387 388 389 
125 1 390 
126 6 391 392 393 394 395 396 
127 1 397 
128 1 398 
129 3 399 400 401 
130 3 402 403 404 
131 5 405 406 407 408 409 
132 3 410 411 412 
133 1 413 
134 1 414 
135 3 415 416 417 
136 1 418 
137 1 419 
