138 419
0 9876 2 6 1 2 3 4 5 6 
1 7924 2 1 7 
2 3822 2 5 8 9 10 11 12 
3 6725 2 1 13 
4 3656 2 1 14 
5 3678 2 3 15 16 17 
6 2540 2 6 18 19 20 21 22 23 
7 7696 2 3 24 25 26 
8 2066 2 3 27 28 29 
9 5525 2 9 30 31 32 33 34 35 36 37 38 
10 6698 2 5 39 40 41 42 43 
11 8135 2 6 44 45 46 47 48 49 
12 5434 2 1 50 
13 8648 2 3 51 52 53 
14 5195 2 3 54 55 56 
15 4013 2 1 57 
16 4819 2 1 58 
17 8467 2 7 59 60 61 62 63 64 65 
18 9064 2 5 66 67 68 69 70 
19 8669 2 1 71 
20 5611 2 3 72 73 74 
21 2955 2 1 75 
22 1934 2 6 76 77 78 79 80 81 
23 2763 2 1 82 
24 4209 2 1 83 
25 2931 2 1 84 
26 8964 2 6 85 86 87 88 89 90 
27 8801 2 3 91 92 93 
28 9511 2 3 94 95 96 
29 11232 2 1 97 
30 7704 2 1 98 
31 9861 2 1 99 
32 2538 2 1 100 
33 5091 2 1 101 
34 353 2 6 102 103 104 105 106 107 
35 1169 2 1 108 
36 3955 2 1 109 
37 12045 2 5 110 111 112 113 114 
38 11189 2 1 115 
39 12222 2 3 116 117 118 
40 9959 2 3 119 120 121 
41 10495 2 1 122 
42 13026 2 1 123 
43 4078 2 3 124 125 126 
44 11337 2 3 127 128 129 
45 6726 2 1 130 
46 980 2 7 131 132 133 134 135 136 137 
47 823 2 1 138 
48 1563 2 3 139 140 141 
49 10595 2 3 142 143 144 
50 5764 2 1 145 
51 12986 2 3 146 147 148 
52 3681 2 1 149 
53 13004 2 3 150 151 152 
54 1665 2 3 153 154 155 
55 12205 2 3 156 157 158 
56 9330 2 3 159 160 161 
57 10142 2 1 162 
58 9972 2 5 163 164 165 166 167 
59 13159 2 3 168 169 170 
60 12539 2 1 171 
61 11640 2 1 172 
62 9975 2 1 173 
63 12846 2 5 174 175 176 177 178 
64 12641 2 1 179 
65 11025 2 3 180 181 182 
66 12338 2 3 183 184 185 
67 12313 2 1 186 
68 12313 1 3 187 188 189 
69 11025 1 3 190 191 192 
70 9790 1 1 193 
71 12338 1 1 194 
72 9975 1 3 195 196 197 
73 9549 1 1 198 
74 12846 1 1 199 
75 9972 1 5 200 201 202 203 204 
76 12969 1 1 205 
77 1665 1 3 206 207 208 
78 12641 1 5 209 210 211 212 213 
79 980 1 3 214 215 216 
80 10142 1 5 217 218 219 220 221 
81 823 1 1 222 
82 11640 1 5 223 224 225 226 227 
83 1563 1 6 228 229 230 231 232 233 
84 353 1 6 234 235 236 237 238 239 
85 3681 1 5 240 241 242 243 244 
86 11136 1 1 245 
87 1169 1 1 246 
88 4078 1 6 247 248 249 250 251 252 
89 1934 1 3 253 254 255 
90 9689 1 3 256 257 258 
91 13510 1 1 259 
92 11337 1 3 260 261 262 
93 9861 1 7 263 264 265 266 267 268 269 
94 5195 1 1 270 
95 7208 1 4 271 272 273 274 
96 11864 1 3 275 276 277 
97 10555 1 3 278 279 280 
98 13004 1 1 281 
99 8669 1 8 282 283 284 285 286 287 288 289 
100 10846 1 3 290 291 292 
101 6698 1 3 293 294 295 
102 3011 1 4 296 297 298 299 
103 1728 1 2 300 301 
104 10734 1 6 302 303 304 305 306 307 
105 8488 1 1 308 
106 12986 1 1 309 
107 7704 1 6 310 311 312 313 314 315 
108 11031 1 5 316 317 318 319 320 
109 8648 1 10 321 322 323 324 325 326 327 328 329 330 
110 5525 1 5 331 332 333 334 335 
111 7696 1 3 336 337 338 
112 3064 1 5 339 340 341 342 343 
113 1818 1 3 344 345 346 
114 13244 1 3 347 348 349 
115 8828 1 1 350 
116 12045 1 5 351 352 353 354 355 
117 5611 1 3 356 357 358 
118 10265 1 3 359 360 361 
119 4582 1 6 362 363 364 365 366 367 
120 2540 1 11 368 369 370 371 372 373 374 375 376 377 378 
121 6725 1 1 379 
122 11406 1 6 380 381 382 383 384 385 
123 4068 1 1 386 
124 3984 1 3 387 388 389 
125 13385 1 1 390 
126 13031 1 6 391 392 393 394 395 396 
127 8964 1 1 397 
128 13327 1 1 398 
129 5496 1 3 399 400 401 
130 3874 1 3 402 403 404 
131 3822 1 5 405 406 407 408 409 
132 9876 1 3 410 411 412 
133 12436 1 1 413 
134 5957 1 1 414 
135 3380 1 3 415 416 417 
136 4379 1 1 418 
137 4745 1 1 419 
