1096
1 1
2 3
3 4
4 5
5 6
6 7
7 8
8 9
9 10
10 11
11 12
12 13
13 14
14 15
15 16
16 17
17 18
18 19
19 20
20 21
21 22
22 23
23 24
24 25
25 26
26 27
27 28
28 29
29 30
30 31
31 32
32 33
33 34
34 36
35 37
36 38
37 39
38 40
39 41
40 43
41 45
42 47
43 48
44 49
45 50
46 51
47 52
48 54
49 55
50 57
51 58
52 60
53 61
54 62
55 63
56 64
57 65
58 67
59 69
60 71
61 72
62 74
63 77
64 78
65 79
66 80
67 81
68 82
69 83
70 85
71 87
72 88
73 89
74 91
75 92
76 93
77 95
78 97
79 98
80 99
81 101
82 102
83 103
84 104
85 105
86 106
87 107
88 108
89 110
90 111
91 112
92 114
93 115
94 117
95 119
96 120
97 121
98 122
99 123
100 124
101 125
102 127
103 129
104 130
105 132
106 133
107 134
108 135
109 136
110 137
111 138
112 140
113 141
114 143
115 144
116 145
117 146
118 147
119 148
120 149
121 150
122 151
123 152
124 153
125 156
126 157
127 158
128 159
129 160
130 161
131 162
132 164
133 165
134 166
135 167
136 168
137 169
138 171
139 172
140 173
141 174
142 175
143 176
144 177
145 179
146 181
147 182
148 183
149 184
150 185
151 186
152 187
153 188
154 189
155 190
156 191
157 192
158 193
159 194
160 195
161 196
162 197
163 199
164 200
165 201
166 202
167 203
168 204
169 205
170 206
171 207
172 209
173 210
174 211
175 212
176 213
177 214
178 215
179 216
180 217
181 218
182 220
183 221
184 222
185 223
186 224
187 225
188 226
189 227
190 228
191 229
192 230
193 231
194 232
195 233
196 234
197 235
198 236
199 237
200 239
201 240
202 241
203 242
204 243
205 244
206 245
207 246
208 247
209 248
210 249
211 250
212 251
213 252
214 253
215 254
216 255
217 256
218 257
219 258
220 259
221 260
222 261
223 262
224 263
225 264
226 265
227 266
228 267
229 268
230 269
231 270
232 271
233 272
234 273
235 274
236 275
237 276
238 277
239 278
240 279
241 280
242 281
243 285
244 286
245 289
246 290
247 292
248 293
249 294
250 303
251 304
252 305
253 309
254 310
255 313
256 318
257 322
258 323
259 324
260 325
261 328
262 331
263 332
264 334
265 336
266 337
267 339
268 340
269 341
270 342
271 344
272 346
273 347
274 348
275 350
276 351
277 352
278 353
279 355
280 356
281 359
282 360
283 361
284 365
285 367
286 368
287 369
288 370
289 371
290 372
291 373
292 374
293 375
294 377
295 378
296 379
297 380
298 381
299 382
300 385
301 386
302 387
303 389
304 391
305 392
306 393
307 395
308 396
309 397
310 398
311 399
312 400
313 401
314 402
315 403
316 405
317 407
318 408
319 410
320 411
321 412
322 413
323 414
324 417
325 418
326 419
327 421
328 422
329 423
330 424
331 425
332 426
333 429
334 432
335 433
336 434
337 435
338 436
339 437
340 438
341 440
342 442
343 444
344 445
345 446
346 447
347 448
348 449
349 450
350 451
351 452
352 453
353 454
354 455
355 457
356 458
357 459
358 460
359 461
360 462
361 463
362 464
363 465
364 466
365 467
366 468
367 469
368 470
369 471
370 472
371 473
372 474
373 477
374 478
375 479
376 480
377 482
378 483
379 485
380 486
381 487
382 488
383 489
384 490
385 491
386 492
387 493
388 494
389 495
390 496
391 498
392 499
393 500
394 501
395 502
396 503
397 504
398 506
399 507
400 508
401 509
402 511
403 512
404 513
405 515
406 516
407 517
408 518
409 519
410 520
411 521
412 522
413 523
414 524
415 525
416 526
417 527
418 528
419 529
420 530
421 531
422 532
423 535
424 538
425 539
426 541
427 542
428 543
429 544
430 545
431 547
432 548
433 549
434 550
435 551
436 552
437 554
438 555
439 556
440 557
441 558
442 560
443 561
444 562
445 563
446 564
447 565
448 566
449 567
450 568
451 569
452 570
453 572
454 573
455 575
456 576
457 577
458 578
459 580
460 584
461 589
462 590
463 591
464 594
465 596
466 597
467 598
468 599
469 600
470 601
471 602
472 603
473 604
474 605
475 606
476 607
477 609
478 610
479 611
480 612
481 614
482 615
483 616
484 617
485 618
486 620
487 621
488 623
489 624
490 625
491 626
492 627
493 631
494 635
495 636
496 637
497 638
498 639
499 641
500 643
501 648
502 649
503 652
504 661
505 663
506 664
507 665
508 668
509 669
510 673
511 674
512 675
513 676
514 678
515 680
516 681
517 682
518 683
519 684
520 685
521 687
522 689
523 691
524 692
525 693
526 694
527 695
528 696
529 697
530 698
531 699
532 700
533 701
534 702
535 703
536 705
537 706
538 708
539 709
540 712
541 713
542 714
543 715
544 717
545 718
546 719
547 720
548 721
549 724
550 725
551 726
552 727
553 728
554 729
555 730
556 731
557 732
558 733
559 734
560 735
561 737
562 738
563 739
564 740
565 741
566 742
567 744
568 745
569 748
570 749
571 750
572 751
573 752
574 754
575 755
576 756
577 757
578 760
579 761
580 762
581 763
582 764
583 765
584 766
585 767
586 768
587 769
588 770
589 771
590 772
591 773
592 774
593 776
594 777
595 778
596 779
597 780
598 781
599 782
600 784
601 786
602 787
603 788
604 789
605 791
606 792
607 794
608 795
609 796
610 797
611 798
612 799
613 800
614 801
615 802
616 803
617 806
618 808
619 809
620 810
621 811
622 812
623 813
624 814
625 815
626 816
627 817
628 819
629 820
630 822
631 824
632 825
633 827
634 829
635 830
636 831
637 833
638 835
639 836
640 837
641 838
642 839
643 840
644 841
645 842
646 843
647 844
648 845
649 846
650 847
651 849
652 850
653 851
654 852
655 853
656 854
657 855
658 856
659 857
660 858
661 859
662 860
663 862
664 863
665 864
666 865
667 866
668 867
669 868
670 869
671 870
672 871
673 873
674 874
675 875
676 876
677 877
678 878
679 879
680 880
681 882
682 883
683 884
684 885
685 886
686 889
687 890
688 892
689 894
690 895
691 896
692 897
693 898
694 899
695 901
696 902
697 903
698 904
699 905
700 906
701 908
702 909
703 910
704 911
705 912
706 913
707 914
708 915
709 917
710 918
711 922
712 923
713 924
714 925
715 927
716 928
717 929
718 930
719 931
720 932
721 933
722 934
723 935
724 936
725 937
726 938
727 939
728 940
729 941
730 942
731 943
732 944
733 946
734 947
735 948
736 949
737 950
738 951
739 952
740 953
741 954
742 956
743 957
744 958
745 960
746 961
747 962
748 963
749 964
750 965
751 969
752 970
753 971
754 972
755 973
756 974
757 975
758 976
759 977
760 979
761 980
762 981
763 982
764 984
765 985
766 986
767 987
768 988
769 989
770 990
771 993
772 994
773 995
774 996
775 998
776 1000
777 1001
778 1002
779 1004
780 1005
781 1006
782 1007
783 1008
784 1009
785 1010
786 1012
787 1013
788 1014
789 1015
790 1018
791 1020
792 1021
793 1024
794 1025
795 1027
796 1028
797 1029
798 1031
799 1032
800 1033
801 1034
802 1035
803 1038
804 1039
805 1040
806 1041
807 1042
808 1043
809 1044
810 1045
811 1046
812 1047
813 1048
814 1049
815 1050
816 1051
817 1053
818 1054
819 1055
820 1057
821 1058
822 1061
823 1062
824 1067
825 1069
826 1070
827 1071
828 1072
829 1073
830 1074
831 1075
832 1077
833 1079
834 1080
835 1081
836 1082
837 1083
838 1084
839 1085
840 1089
841 1090
842 1091
843 1092
844 1094
845 1096
846 1099
847 1100
848 1102
849 1103
850 1105
851 1106
852 1107
853 1110
854 1111
855 1112
856 1113
857 1115
858 1116
859 1119
860 1120
861 1121
862 1123
863 1124
864 1125
865 1127
866 1128
867 1129
868 1130
869 1131
870 1133
871 1134
872 1135
873 1136
874 1138
875 1139
876 1140
877 1141
878 1142
879 1143
880 1144
881 1146
882 1147
883 1149
884 1150
885 1151
886 1152
887 1153
888 1154
889 1155
890 1156
891 1159
892 1160
893 1163
894 1164
895 1165
896 1166
897 1167
898 1169
899 1170
900 1171
901 1172
902 1173
903 1174
904 1175
905 1176
906 1178
907 1179
908 1181
909 1182
910 1183
911 1184
912 1185
913 1186
914 1187
915 1188
916 1189
917 1190
918 1191
919 1192
920 1193
921 1194
922 1195
923 1196
924 1198
925 1202
926 1203
927 1204
928 1205
929 1206
930 1208
931 1210
932 1212
933 1213
934 1214
935 1215
936 1216
937 1217
938 1219
939 1220
940 1221
941 1222
942 1224
943 1225
944 1226
945 1227
946 1230
947 1231
948 1232
949 1233
950 1234
951 1235
952 1237
953 1239
954 1240
955 1241
956 1242
957 1243
958 1244
959 1245
960 1246
961 1247
962 1248
963 1249
964 1250
965 1251
966 1252
967 1253
968 1254
969 1255
970 1256
971 1257
972 1258
973 1259
974 1260
975 1261
976 1262
977 1263
978 1264
979 1265
980 1266
981 1267
982 1268
983 1269
984 1270
985 1271
986 1272
987 1273
988 1274
989 1275
990 1276
991 1278
992 1279
993 1280
994 1281
995 1282
996 1283
997 1284
998 1285
999 1286
1000 1288
1001 1289
1002 1290
1003 1291
1004 1292
1005 1293
1006 1294
1007 1295
1008 1296
1009 1297
1010 1298
1011 1299
1012 1300
1013 1302
1014 1303
1015 1304
1016 1305
1017 1306
1018 1307
1019 1308
1020 1309
1021 1310
1022 1311
1023 1312
1024 1313
1025 1314
1026 1315
1027 1316
1028 1317
1029 1318
1030 1319
1031 1320
1032 1321
1033 1322
1034 1323
1035 1324
1036 1325
1037 1326
1038 1327
1039 1328
1040 1329
1041 1331
1042 1333
1043 1334
1044 1335
1045 1336
1046 1337
1047 1338
1048 1339
1049 1340
1050 1341
1051 1342
1052 1343
1053 1344
1054 1345
1055 1346
1056 1347
1057 1348
1058 1349
1059 1350
1060 1351
1061 1352
1062 1353
1063 1354
1064 1355
1065 1356
1066 1357
1067 1358
1068 1359
1069 1360
1070 1361
1071 1362
1072 1363
1073 1364
1074 1365
1075 1366
1076 1367
1077 1368
1078 1369
1079 1370
1080 1371
1081 1372
1082 1373
1083 1374
1084 1375
1085 1376
1086 1377
1087 1378
1088 1379
1089 1380
1090 1381
1091 1382
1092 1383
1093 1384
1094 1385
1095 1386
1096 1387
